RESULTS FOR CHI-2 WITH DIFFERENT SINGLE-PARTICLE ENERGY
I_0     V     I     E_th     E_exp     CHI2
******************************
              e=              -0
*******TSD1********
47.6 4.41 8.5 0.0952616 0.1966 0.103855
47.6 4.41 10.5 0.270342 0.4597 0.103855
47.6 4.41 12.5 0.525273 0.7746 0.103855
47.6 4.41 14.5 0.860081 1.1609 0.103855
47.6 4.41 16.5 1.27479 1.6112 0.103855
47.6 4.41 18.5 1.76941 2.1265 0.103855
47.6 4.41 20.5 2.34396 2.7051 0.103855
47.6 4.41 22.5 2.99846 3.3441 0.103855
47.6 4.41 24.5 3.73292 4.0411 0.103855
47.6 4.41 26.5 4.54734 4.7937 0.103855
47.6 4.41 28.5 5.44174 5.5992 0.103855
47.6 4.41 30.5 6.41612 6.457 0.103855
47.6 4.41 32.5 7.47049 7.3667 0.103855
47.6 4.41 34.5 8.60485 8.3293 0.103855
47.6 4.41 36.5 9.81922 9.3458 0.103855
47.6 4.41 38.5 11.1136 10.4169 0.103855
47.6 4.41 40.5 12.488 11.5431 0.103855
47.6 4.41 42.5 13.9423 12.7224 0.103855
47.6 4.41 44.5 15.4767 13.9491 0.103855
47.6 4.41 46.5 17.0912 15.2181 0.103855
47.6 4.41 48.5 18.7856 16.5221 0.103855
*******TSD2********
47.6 4.41 13.5 0.697637 1.3394 0.103855
47.6 4.41 15.5 1.03929 1.7467 0.103855
47.6 4.41 17.5 1.46081 2.2184 0.103855
47.6 4.41 19.5 1.96226 2.7527 0.103855
47.6 4.41 21.5 2.54365 3.3484 0.103855
47.6 4.41 23.5 3.20501 4.003 0.103855
47.6 4.41 25.5 3.94636 4.7143 0.103855
47.6 4.41 27.5 4.76772 5.4805 0.103855
47.6 4.41 29.5 5.6691 6.3004 0.103855
47.6 4.41 31.5 6.65051 7.1733 0.103855
47.6 4.41 33.5 7.71196 8.0998 0.103855
47.6 4.41 35.5 8.85346 9.08 0.103855
47.6 4.41 37.5 10.075 10.1147 0.103855
47.6 4.41 39.5 11.3766 11.2036 0.103855
47.6 4.41 41.5 12.7583 12.3466 0.103855
47.6 4.41 43.5 14.22 13.5441 0.103855
47.6 4.41 45.5 15.7619 14.7911 0.103855
*******TSD3********
47.6 4.41 16.5 1.21849 2.1237 0.103855
47.6 4.41 18.5 1.64684 2.6293 0.103855
47.6 4.41 20.5 2.1551 3.1973 0.103855
47.6 4.41 22.5 2.74333 3.8243 0.103855
47.6 4.41 24.5 3.41155 4.5094 0.103855
47.6 4.41 26.5 4.15979 5.2506 0.103855
47.6 4.41 28.5 4.98809 6.0465 0.103855
47.6 4.41 30.5 5.89645 6.8963 0.103855
47.6 4.41 32.5 6.88489 7.7988 0.103855
47.6 4.41 34.5 7.95343 8.7546 0.103855
47.6 4.41 36.5 9.10206 9.7638 0.103855
47.6 4.41 38.5 10.3308 10.8268 0.103855
47.6 4.41 40.5 11.6397 11.9392 0.103855
47.6 4.41 42.5 13.0287 13.0861 0.103855
*******TSD4********
47.6 4.41 23.5 4.20715 4.58 0.103855
47.6 4.41 25.5 4.96635 5.2251 0.103855
47.6 4.41 27.5 5.8055 5.9273 0.103855
47.6 4.41 29.5 6.72463 6.6819 0.103855
47.6 4.41 31.5 7.72376 7.4919 0.103855
47.6 4.41 33.5 8.80292 8.3573 0.103855
47.6 4.41 35.5 9.96212 9.2778 0.103855
47.6 4.41 37.5 11.2014 10.2535 0.103855
47.6 4.41 39.5 12.5207 11.2851 0.103855
47.6 4.41 41.5 13.9201 12.3701 0.103855
******************************
              e=              -0.0835
*******TSD1********
47.6 4.71 8.5 0.0953009 0.1966 0.103018
47.6 4.71 10.5 0.270427 0.4597 0.103018
47.6 4.71 12.5 0.525408 0.7746 0.103018
47.6 4.71 14.5 0.86027 1.1609 0.103018
47.6 4.71 16.5 1.27503 1.6112 0.103018
47.6 4.71 18.5 1.76972 2.1265 0.103018
47.6 4.71 20.5 2.34433 2.7051 0.103018
47.6 4.71 22.5 2.9989 3.3441 0.103018
47.6 4.71 24.5 3.73342 4.0411 0.103018
47.6 4.71 26.5 4.54791 4.7937 0.103018
47.6 4.71 28.5 5.44237 5.5992 0.103018
47.6 4.71 30.5 6.41682 6.457 0.103018
47.6 4.71 32.5 7.47126 7.3667 0.103018
47.6 4.71 34.5 8.60569 8.3293 0.103018
47.6 4.71 36.5 9.82012 9.3458 0.103018
47.6 4.71 38.5 11.1146 10.4169 0.103018
47.6 4.71 40.5 12.489 11.5431 0.103018
47.6 4.71 42.5 13.9435 12.7224 0.103018
47.6 4.71 44.5 15.4779 13.9491 0.103018
47.6 4.71 46.5 17.0924 15.2181 0.103018
47.6 4.71 48.5 18.7869 16.5221 0.103018
*******TSD2********
47.6 4.71 13.5 0.699432 1.3394 0.103018
47.6 4.71 15.5 1.04134 1.7467 0.103018
47.6 4.71 17.5 1.46312 2.2184 0.103018
47.6 4.71 19.5 1.96481 2.7527 0.103018
47.6 4.71 21.5 2.54643 3.3484 0.103018
47.6 4.71 23.5 3.20801 4.003 0.103018
47.6 4.71 25.5 3.94957 4.7143 0.103018
47.6 4.71 27.5 4.77113 5.4805 0.103018
47.6 4.71 29.5 5.6727 6.3004 0.103018
47.6 4.71 31.5 6.6543 7.1733 0.103018
47.6 4.71 33.5 7.71593 8.0998 0.103018
47.6 4.71 35.5 8.8576 9.08 0.103018
47.6 4.71 37.5 10.0793 10.1147 0.103018
47.6 4.71 39.5 11.3811 11.2036 0.103018
47.6 4.71 41.5 12.7629 12.3466 0.103018
47.6 4.71 43.5 14.2248 13.5441 0.103018
47.6 4.71 45.5 15.7667 14.7911 0.103018
*******TSD3********
47.6 4.71 16.5 1.22241 2.1237 0.103018
47.6 4.71 18.5 1.65121 2.6293 0.103018
47.6 4.71 20.5 2.15989 3.1973 0.103018
47.6 4.71 22.5 2.74852 3.8243 0.103018
47.6 4.71 24.5 3.41712 4.5094 0.103018
47.6 4.71 26.5 4.16572 5.2506 0.103018
47.6 4.71 28.5 4.99435 6.0465 0.103018
47.6 4.71 30.5 5.90303 6.8963 0.103018
47.6 4.71 32.5 6.89178 7.7988 0.103018
47.6 4.71 34.5 7.9606 8.7546 0.103018
47.6 4.71 36.5 9.1095 9.7638 0.103018
47.6 4.71 38.5 10.3385 10.8268 0.103018
47.6 4.71 40.5 11.6476 11.9392 0.103018
47.6 4.71 42.5 13.0368 13.0861 0.103018
*******TSD4********
47.6 4.71 23.5 4.18147 4.58 0.103018
47.6 4.71 25.5 4.94104 5.2251 0.103018
47.6 4.71 27.5 5.78055 5.9273 0.103018
47.6 4.71 29.5 6.70001 6.6819 0.103018
47.6 4.71 31.5 7.69947 7.4919 0.103018
47.6 4.71 33.5 8.77894 8.3573 0.103018
47.6 4.71 35.5 9.93844 9.2778 0.103018
47.6 4.71 37.5 11.178 10.2535 0.103018
47.6 4.71 39.5 12.4976 11.2851 0.103018
47.6 4.71 41.5 13.8973 12.3701 0.103018
******************************
              e=              -0.167
*******TSD1********
47.6 5.01 8.5 0.0953363 0.1966 0.102265
47.6 5.01 10.5 0.270503 0.4597 0.102265
47.6 5.01 12.5 0.52553 0.7746 0.102265
47.6 5.01 14.5 0.860442 1.1609 0.102265
47.6 5.01 16.5 1.27526 1.6112 0.102265
47.6 5.01 18.5 1.77 2.1265 0.102265
47.6 5.01 20.5 2.34467 2.7051 0.102265
47.6 5.01 22.5 2.99929 3.3441 0.102265
47.6 5.01 24.5 3.73388 4.0411 0.102265
47.6 5.01 26.5 4.54843 4.7937 0.102265
47.6 5.01 28.5 5.44295 5.5992 0.102265
47.6 5.01 30.5 6.41746 6.457 0.102265
47.6 5.01 32.5 7.47196 7.3667 0.102265
47.6 5.01 34.5 8.60646 8.3293 0.102265
47.6 5.01 36.5 9.82095 9.3458 0.102265
47.6 5.01 38.5 11.1155 10.4169 0.102265
47.6 5.01 40.5 12.49 11.5431 0.102265
47.6 5.01 42.5 13.9445 12.7224 0.102265
47.6 5.01 44.5 15.479 13.9491 0.102265
47.6 5.01 46.5 17.0936 15.2181 0.102265
47.6 5.01 48.5 18.7881 16.5221 0.102265
*******TSD2********
47.6 5.01 13.5 0.701033 1.3394 0.102265
47.6 5.01 15.5 1.04318 1.7467 0.102265
47.6 5.01 17.5 1.46519 2.2184 0.102265
47.6 5.01 19.5 1.9671 2.7527 0.102265
47.6 5.01 21.5 2.54893 3.3484 0.102265
47.6 5.01 23.5 3.21072 4.003 0.102265
47.6 5.01 25.5 3.95248 4.7143 0.102265
47.6 5.01 27.5 4.77423 5.4805 0.102265
47.6 5.01 29.5 5.67598 6.3004 0.102265
47.6 5.01 31.5 6.65775 7.1733 0.102265
47.6 5.01 33.5 7.71954 8.0998 0.102265
47.6 5.01 35.5 8.86137 9.08 0.102265
47.6 5.01 37.5 10.0832 10.1147 0.102265
47.6 5.01 39.5 11.3852 11.2036 0.102265
47.6 5.01 41.5 12.7671 12.3466 0.102265
47.6 5.01 43.5 14.2291 13.5441 0.102265
47.6 5.01 45.5 15.7712 14.7911 0.102265
*******TSD3********
47.6 5.01 16.5 1.22592 2.1237 0.102265
47.6 5.01 18.5 1.65512 2.6293 0.102265
47.6 5.01 20.5 2.1642 3.1973 0.102265
47.6 5.01 22.5 2.75319 3.8243 0.102265
47.6 5.01 24.5 3.42214 4.5094 0.102265
47.6 5.01 26.5 4.17108 5.2506 0.102265
47.6 5.01 28.5 5.00003 6.0465 0.102265
47.6 5.01 30.5 5.909 6.8963 0.102265
47.6 5.01 32.5 6.89803 7.7988 0.102265
47.6 5.01 34.5 7.96712 8.7546 0.102265
47.6 5.01 36.5 9.11629 9.7638 0.102265
47.6 5.01 38.5 10.3455 10.8268 0.102265
47.6 5.01 40.5 11.6549 11.9392 0.102265
47.6 5.01 42.5 13.0443 13.0861 0.102265
*******TSD4********
47.6 5.01 23.5 4.15532 4.58 0.102265
47.6 5.01 25.5 4.91523 5.2251 0.102265
47.6 5.01 27.5 5.75506 5.9273 0.102265
47.6 5.01 29.5 6.67484 6.6819 0.102265
47.6 5.01 31.5 7.6746 7.4919 0.102265
47.6 5.01 33.5 8.75436 8.3573 0.102265
47.6 5.01 35.5 9.91414 9.2778 0.102265
47.6 5.01 37.5 11.154 10.2535 0.102265
47.6 5.01 39.5 12.4738 11.2851 0.102265
47.6 5.01 41.5 13.8737 12.3701 0.102265
******************************
              e=              -0.2505
*******TSD1********
47.6 5.31 8.5 0.0953684 0.1966 0.101588
47.6 5.31 10.5 0.270573 0.4597 0.101588
47.6 5.31 12.5 0.525641 0.7746 0.101588
47.6 5.31 14.5 0.860599 1.1609 0.101588
47.6 5.31 16.5 1.27546 1.6112 0.101588
47.6 5.31 18.5 1.77025 2.1265 0.101588
47.6 5.31 20.5 2.34498 2.7051 0.101588
47.6 5.31 22.5 2.99966 3.3441 0.101588
47.6 5.31 24.5 3.7343 4.0411 0.101588
47.6 5.31 26.5 4.5489 4.7937 0.101588
47.6 5.31 28.5 5.44349 5.5992 0.101588
47.6 5.31 30.5 6.41806 6.457 0.101588
47.6 5.31 32.5 7.47262 7.3667 0.101588
47.6 5.31 34.5 8.60717 8.3293 0.101588
47.6 5.31 36.5 9.82173 9.3458 0.101588
47.6 5.31 38.5 11.1163 10.4169 0.101588
47.6 5.31 40.5 12.4909 11.5431 0.101588
47.6 5.31 42.5 13.9454 12.7224 0.101588
47.6 5.31 44.5 15.48 13.9491 0.101588
47.6 5.31 46.5 17.0946 15.2181 0.101588
47.6 5.31 48.5 18.7893 16.5221 0.101588
*******TSD2********
47.6 5.31 13.5 0.70247 1.3394 0.101588
47.6 5.31 15.5 1.04484 1.7467 0.101588
47.6 5.31 17.5 1.46706 2.2184 0.101588
47.6 5.31 19.5 1.96917 2.7527 0.101588
47.6 5.31 21.5 2.5512 3.3484 0.101588
47.6 5.31 23.5 3.21318 4.003 0.101588
47.6 5.31 25.5 3.95512 4.7143 0.101588
47.6 5.31 27.5 4.77704 5.4805 0.101588
47.6 5.31 29.5 5.67897 6.3004 0.101588
47.6 5.31 31.5 6.6609 7.1733 0.101588
47.6 5.31 33.5 7.72285 8.0998 0.101588
47.6 5.31 35.5 8.86483 9.08 0.101588
47.6 5.31 37.5 10.0868 10.1147 0.101588
47.6 5.31 39.5 11.3889 11.2036 0.101588
47.6 5.31 41.5 12.771 12.3466 0.101588
47.6 5.31 43.5 14.2332 13.5441 0.101588
47.6 5.31 45.5 15.7754 14.7911 0.101588
*******TSD3********
47.6 5.31 16.5 1.22908 2.1237 0.101588
47.6 5.31 18.5 1.65865 2.6293 0.101588
47.6 5.31 20.5 2.16809 3.1973 0.101588
47.6 5.31 22.5 2.75742 3.8243 0.101588
47.6 5.31 24.5 3.4267 4.5094 0.101588
47.6 5.31 26.5 4.17594 5.2506 0.101588
47.6 5.31 28.5 5.00519 6.0465 0.101588
47.6 5.31 30.5 5.91445 6.8963 0.101588
47.6 5.31 32.5 6.90374 7.7988 0.101588
47.6 5.31 34.5 7.97309 8.7546 0.101588
47.6 5.31 36.5 9.12249 9.7638 0.101588
47.6 5.31 38.5 10.352 10.8268 0.101588
47.6 5.31 40.5 11.6615 11.9392 0.101588
47.6 5.31 42.5 13.0512 13.0861 0.101588
*******TSD4********
47.6 5.31 23.5 4.12876 4.58 0.101588
47.6 5.31 25.5 4.88899 5.2251 0.101588
47.6 5.31 27.5 5.72912 5.9273 0.101588
47.6 5.31 29.5 6.64919 6.6819 0.101588
47.6 5.31 31.5 7.64923 7.4919 0.101588
47.6 5.31 33.5 8.72926 8.3573 0.101588
47.6 5.31 35.5 9.8893 9.2778 0.101588
47.6 5.31 37.5 11.1294 10.2535 0.101588
47.6 5.31 39.5 12.4495 11.2851 0.101588
47.6 5.31 41.5 13.8496 12.3701 0.101588
******************************
              e=              -0.334
*******TSD1********
47.6 5.61 8.5 0.0953976 0.1966 0.100982
47.6 5.61 10.5 0.270636 0.4597 0.100982
47.6 5.61 12.5 0.525743 0.7746 0.100982
47.6 5.61 14.5 0.860742 1.1609 0.100982
47.6 5.61 16.5 1.27565 1.6112 0.100982
47.6 5.61 18.5 1.77049 2.1265 0.100982
47.6 5.61 20.5 2.34526 2.7051 0.100982
47.6 5.61 22.5 2.99999 3.3441 0.100982
47.6 5.61 24.5 3.73468 4.0411 0.100982
47.6 5.61 26.5 4.54934 4.7937 0.100982
47.6 5.61 28.5 5.44398 5.5992 0.100982
47.6 5.61 30.5 6.4186 6.457 0.100982
47.6 5.61 32.5 7.47322 7.3667 0.100982
47.6 5.61 34.5 8.60783 8.3293 0.100982
47.6 5.61 36.5 9.82244 9.3458 0.100982
47.6 5.61 38.5 11.1171 10.4169 0.100982
47.6 5.61 40.5 12.4917 11.5431 0.100982
47.6 5.61 42.5 13.9463 12.7224 0.100982
47.6 5.61 44.5 15.481 13.9491 0.100982
47.6 5.61 46.5 17.0956 15.2181 0.100982
47.6 5.61 48.5 18.7903 16.5221 0.100982
*******TSD2********
47.6 5.61 13.5 0.703768 1.3394 0.100982
47.6 5.61 15.5 1.04634 1.7467 0.100982
47.6 5.61 17.5 1.46875 2.2184 0.100982
47.6 5.61 19.5 1.97105 2.7527 0.100982
47.6 5.61 21.5 2.55326 3.3484 0.100982
47.6 5.61 23.5 3.21542 4.003 0.100982
47.6 5.61 25.5 3.95753 4.7143 0.100982
47.6 5.61 27.5 4.77962 5.4805 0.100982
47.6 5.61 29.5 5.6817 6.3004 0.100982
47.6 5.61 31.5 6.66379 7.1733 0.100982
47.6 5.61 33.5 7.72589 8.0998 0.100982
47.6 5.61 35.5 8.86801 9.08 0.100982
47.6 5.61 37.5 10.0902 10.1147 0.100982
47.6 5.61 39.5 11.3924 11.2036 0.100982
47.6 5.61 41.5 12.7746 12.3466 0.100982
47.6 5.61 43.5 14.2369 13.5441 0.100982
47.6 5.61 45.5 15.7792 14.7911 0.100982
*******TSD3********
47.6 5.61 16.5 1.23193 2.1237 0.100982
47.6 5.61 18.5 1.66185 2.6293 0.100982
47.6 5.61 20.5 2.17162 3.1973 0.100982
47.6 5.61 22.5 2.76127 3.8243 0.100982
47.6 5.61 24.5 3.43084 4.5094 0.100982
47.6 5.61 26.5 4.18038 5.2506 0.100982
47.6 5.61 28.5 5.0099 6.0465 0.100982
47.6 5.61 30.5 5.91943 6.8963 0.100982
47.6 5.61 32.5 6.90897 7.7988 0.100982
47.6 5.61 34.5 7.97856 8.7546 0.100982
47.6 5.61 36.5 9.1282 9.7638 0.100982
47.6 5.61 38.5 10.3579 10.8268 0.100982
47.6 5.61 40.5 11.6677 11.9392 0.100982
47.6 5.61 42.5 13.0575 13.0861 0.100982
*******TSD4********
47.6 5.61 23.5 4.10187 4.58 0.100982
47.6 5.61 25.5 4.86238 5.2251 0.100982
47.6 5.61 27.5 5.70279 5.9273 0.100982
47.6 5.61 29.5 6.62313 6.6819 0.100982
47.6 5.61 31.5 7.62343 7.4919 0.100982
47.6 5.61 33.5 8.70371 8.3573 0.100982
47.6 5.61 35.5 9.86399 9.2778 0.100982
47.6 5.61 37.5 11.1043 10.2535 0.100982
47.6 5.61 39.5 12.4246 11.2851 0.100982
47.6 5.61 41.5 13.825 12.3701 0.100982
******************************
              e=              -0.4175
*******TSD1********
47.6 6.01 8.5 0.0954327 0.1966 0.100433
47.6 6.01 10.5 0.270712 0.4597 0.100433
47.6 6.01 12.5 0.525866 0.7746 0.100433
47.6 6.01 14.5 0.860915 1.1609 0.100433
47.6 6.01 16.5 1.27588 1.6112 0.100433
47.6 6.01 18.5 1.77077 2.1265 0.100433
47.6 6.01 20.5 2.34561 2.7051 0.100433
47.6 6.01 22.5 3.0004 3.3441 0.100433
47.6 6.01 24.5 3.73515 4.0411 0.100433
47.6 6.01 26.5 4.54988 4.7937 0.100433
47.6 6.01 28.5 5.44458 5.5992 0.100433
47.6 6.01 30.5 6.41927 6.457 0.100433
47.6 6.01 32.5 7.47396 7.3667 0.100433
47.6 6.01 34.5 8.60864 8.3293 0.100433
47.6 6.01 36.5 9.82332 9.3458 0.100433
47.6 6.01 38.5 11.118 10.4169 0.100433
47.6 6.01 40.5 12.4927 11.5431 0.100433
47.6 6.01 42.5 13.9474 12.7224 0.100433
47.6 6.01 44.5 15.4821 13.9491 0.100433
47.6 6.01 46.5 17.0969 15.2181 0.100433
47.6 6.01 48.5 18.7916 16.5221 0.100433
*******TSD2********
47.6 6.01 13.5 0.705313 1.3394 0.100433
47.6 6.01 15.5 1.04812 1.7467 0.100433
47.6 6.01 17.5 1.47078 2.2184 0.100433
47.6 6.01 19.5 1.97331 2.7527 0.100433
47.6 6.01 21.5 2.55574 3.3484 0.100433
47.6 6.01 23.5 3.21811 4.003 0.100433
47.6 6.01 25.5 3.96044 4.7143 0.100433
47.6 6.01 27.5 4.78273 5.4805 0.100433
47.6 6.01 29.5 5.68501 6.3004 0.100433
47.6 6.01 31.5 6.66729 7.1733 0.100433
47.6 6.01 33.5 7.72958 8.0998 0.100433
47.6 6.01 35.5 8.87188 9.08 0.100433
47.6 6.01 37.5 10.0942 10.1147 0.100433
47.6 6.01 39.5 11.3966 11.2036 0.100433
47.6 6.01 41.5 12.779 12.3466 0.100433
47.6 6.01 43.5 14.2414 13.5441 0.100433
47.6 6.01 45.5 15.7839 14.7911 0.100433
*******TSD3********
47.6 6.01 16.5 1.23533 2.1237 0.100433
47.6 6.01 18.5 1.66567 2.6293 0.100433
47.6 6.01 20.5 2.17584 3.1973 0.100433
47.6 6.01 22.5 2.76588 3.8243 0.100433
47.6 6.01 24.5 3.43583 4.5094 0.100433
47.6 6.01 26.5 4.18572 5.2506 0.100433
47.6 6.01 28.5 5.01559 6.0465 0.100433
47.6 6.01 30.5 5.92544 6.8963 0.100433
47.6 6.01 32.5 6.9153 7.7988 0.100433
47.6 6.01 34.5 7.98519 8.7546 0.100433
47.6 6.01 36.5 9.13512 9.7638 0.100433
47.6 6.01 38.5 10.3651 10.8268 0.100433
47.6 6.01 40.5 11.6751 11.9392 0.100433
47.6 6.01 42.5 13.0652 13.0861 0.100433
*******TSD4********
47.6 6.01 23.5 4.09338 4.58 0.100433
47.6 6.01 25.5 4.85424 5.2251 0.100433
47.6 6.01 27.5 5.69499 5.9273 0.100433
47.6 6.01 29.5 6.61566 6.6819 0.100433
47.6 6.01 31.5 7.61628 7.4919 0.100433
47.6 6.01 33.5 8.69687 8.3573 0.100433
47.6 6.01 35.5 9.85745 9.2778 0.100433
47.6 6.01 37.5 11.098 10.2535 0.100433
47.6 6.01 39.5 12.4186 11.2851 0.100433
47.6 6.01 41.5 13.8193 12.3701 0.100433
******************************
              e=              -0.501
*******TSD1********
47.5 6.31 8.5 0.0956566 0.1966 0.0999402
47.5 6.31 10.5 0.271332 0.4597 0.0999402
47.5 6.31 12.5 0.527053 0.7746 0.0999402
47.5 6.31 14.5 0.86284 1.1609 0.0999402
47.5 6.31 16.5 1.27871 1.6112 0.0999402
47.5 6.31 18.5 1.77469 2.1265 0.0999402
47.5 6.31 20.5 2.35077 2.7051 0.0999402
47.5 6.31 22.5 3.00698 3.3441 0.0999402
47.5 6.31 24.5 3.74332 4.0411 0.0999402
47.5 6.31 26.5 4.55981 4.7937 0.0999402
47.5 6.31 28.5 5.45644 5.5992 0.0999402
47.5 6.31 30.5 6.43323 6.457 0.0999402
47.5 6.31 32.5 7.49018 7.3667 0.0999402
47.5 6.31 34.5 8.6273 8.3293 0.0999402
47.5 6.31 36.5 9.84458 9.3458 0.0999402
47.5 6.31 38.5 11.142 10.4169 0.0999402
47.5 6.31 40.5 12.5197 11.5431 0.0999402
47.5 6.31 42.5 13.9775 12.7224 0.0999402
47.5 6.31 44.5 15.5155 13.9491 0.0999402
47.5 6.31 46.5 17.1337 15.2181 0.0999402
47.5 6.31 48.5 18.8321 16.5221 0.0999402
*******TSD2********
47.5 6.31 13.5 0.707797 1.3394 0.0999402
47.5 6.31 15.5 1.05149 1.7467 0.0999402
47.5 6.31 17.5 1.47519 2.2184 0.0999402
47.5 6.31 19.5 1.97893 2.7527 0.0999402
47.5 6.31 21.5 2.56274 3.3484 0.0999402
47.5 6.31 23.5 3.22665 4.003 0.0999402
47.5 6.31 25.5 3.97067 4.7143 0.0999402
47.5 6.31 27.5 4.79484 5.4805 0.0999402
47.5 6.31 29.5 5.69915 6.3004 0.0999402
47.5 6.31 31.5 6.68362 7.1733 0.0999402
47.5 6.31 33.5 7.74827 8.0998 0.0999402
47.5 6.31 35.5 8.8931 9.08 0.0999402
47.5 6.31 37.5 10.1181 10.1147 0.0999402
47.5 6.31 39.5 11.4233 11.2036 0.0999402
47.5 6.31 41.5 12.8087 12.3466 0.0999402
47.5 6.31 43.5 14.2744 13.5441 0.0999402
47.5 6.31 45.5 15.8202 14.7911 0.0999402
*******TSD3********
47.5 6.31 16.5 1.24014 2.1237 0.0999402
47.5 6.31 18.5 1.67166 2.6293 0.0999402
47.5 6.31 20.5 2.18317 3.1973 0.0999402
47.5 6.31 22.5 2.77471 3.8243 0.0999402
47.5 6.31 24.5 3.44631 4.5094 0.0999402
47.5 6.31 26.5 4.19802 5.2506 0.0999402
47.5 6.31 28.5 5.02986 6.0465 0.0999402
47.5 6.31 30.5 5.94185 6.8963 0.0999402
47.5 6.31 32.5 6.93401 7.7988 0.0999402
47.5 6.31 34.5 8.00636 8.7546 0.0999402
47.5 6.31 36.5 9.1589 9.7638 0.0999402
47.5 6.31 38.5 10.3917 10.8268 0.0999402
47.5 6.31 40.5 11.7046 11.9392 0.0999402
47.5 6.31 42.5 13.0978 13.0861 0.0999402
*******TSD4********
47.5 6.31 23.5 4.07299 4.58 0.0999402
47.5 6.31 25.5 4.83568 5.2251 0.0999402
47.5 6.31 27.5 5.67843 5.9273 0.0999402
47.5 6.31 29.5 6.60125 6.6819 0.0999402
47.5 6.31 31.5 7.60419 7.4919 0.0999402
47.5 6.31 33.5 8.68726 8.3573 0.0999402
47.5 6.31 35.5 9.85048 9.2778 0.0999402
47.5 6.31 37.5 11.0939 10.2535 0.0999402
47.5 6.31 39.5 12.4174 11.2851 0.0999402
47.5 6.31 41.5 13.8212 12.3701 0.0999402
******************************
              e=              -0.5845
*******TSD1********
47.5 6.71 8.5 0.0956857 0.1966 0.0994945
47.5 6.71 10.5 0.271395 0.4597 0.0994945
47.5 6.71 12.5 0.527155 0.7746 0.0994945
47.5 6.71 14.5 0.862985 1.1609 0.0994945
47.5 6.71 16.5 1.2789 1.6112 0.0994945
47.5 6.71 18.5 1.77492 2.1265 0.0994945
47.5 6.71 20.5 2.35106 2.7051 0.0994945
47.5 6.71 22.5 3.00732 3.3441 0.0994945
47.5 6.71 24.5 3.74372 4.0411 0.0994945
47.5 6.71 26.5 4.56026 4.7937 0.0994945
47.5 6.71 28.5 5.45695 5.5992 0.0994945
47.5 6.71 30.5 6.4338 6.457 0.0994945
47.5 6.71 32.5 7.49081 7.3667 0.0994945
47.5 6.71 34.5 8.62799 8.3293 0.0994945
47.5 6.71 36.5 9.84533 9.3458 0.0994945
47.5 6.71 38.5 11.1429 10.4169 0.0994945
47.5 6.71 40.5 12.5206 11.5431 0.0994945
47.5 6.71 42.5 13.9784 12.7224 0.0994945
47.5 6.71 44.5 15.5165 13.9491 0.0994945
47.5 6.71 46.5 17.1347 15.2181 0.0994945
47.5 6.71 48.5 18.8332 16.5221 0.0994945
*******TSD2********
47.5 6.71 13.5 0.709056 1.3394 0.0994945
47.5 6.71 15.5 1.05295 1.7467 0.0994945
47.5 6.71 17.5 1.47685 2.2184 0.0994945
47.5 6.71 19.5 1.98078 2.7527 0.0994945
47.5 6.71 21.5 2.56479 3.3484 0.0994945
47.5 6.71 23.5 3.22888 4.003 0.0994945
47.5 6.71 25.5 3.97309 4.7143 0.0994945
47.5 6.71 27.5 4.79743 5.4805 0.0994945
47.5 6.71 29.5 5.70191 6.3004 0.0994945
47.5 6.71 31.5 6.68655 7.1733 0.0994945
47.5 6.71 33.5 7.75136 8.0998 0.0994945
47.5 6.71 35.5 8.89635 9.08 0.0994945
47.5 6.71 37.5 10.1215 10.1147 0.0994945
47.5 6.71 39.5 11.4269 11.2036 0.0994945
47.5 6.71 41.5 12.8125 12.3466 0.0994945
47.5 6.71 43.5 14.2782 13.5441 0.0994945
47.5 6.71 45.5 15.8242 14.7911 0.0994945
*******TSD3********
47.5 6.71 16.5 1.24292 2.1237 0.0994945
47.5 6.71 18.5 1.67479 2.6293 0.0994945
47.5 6.71 20.5 2.18664 3.1973 0.0994945
47.5 6.71 22.5 2.77851 3.8243 0.0994945
47.5 6.71 24.5 3.45044 4.5094 0.0994945
47.5 6.71 26.5 4.20246 5.2506 0.0994945
47.5 6.71 28.5 5.0346 6.0465 0.0994945
47.5 6.71 30.5 5.94687 6.8963 0.0994945
47.5 6.71 32.5 6.93931 7.7988 0.0994945
47.5 6.71 34.5 8.01192 8.7546 0.0994945
47.5 6.71 36.5 9.16472 9.7638 0.0994945
47.5 6.71 38.5 10.3977 10.8268 0.0994945
47.5 6.71 40.5 11.7109 11.9392 0.0994945
47.5 6.71 42.5 13.1043 13.0861 0.0994945
*******TSD4********
47.5 6.71 23.5 4.06379 4.58 0.0994945
47.5 6.71 25.5 4.82678 5.2251 0.0994945
47.5 6.71 27.5 5.66981 5.9273 0.0994945
47.5 6.71 29.5 6.59292 6.6819 0.0994945
47.5 6.71 31.5 7.59613 7.4919 0.0994945
47.5 6.71 33.5 8.67946 8.3573 0.0994945
47.5 6.71 35.5 9.84295 9.2778 0.0994945
47.5 6.71 37.5 11.0866 10.2535 0.0994945
47.5 6.71 39.5 12.4104 11.2851 0.0994945
47.5 6.71 41.5 13.8144 12.3701 0.0994945
******************************
              e=              -0.668
*******TSD1********
47.5 7.11 8.5 0.0957119 0.1966 0.0990917
47.5 7.11 10.5 0.271452 0.4597 0.0990917
47.5 7.11 12.5 0.527247 0.7746 0.0990917
47.5 7.11 14.5 0.863116 1.1609 0.0990917
47.5 7.11 16.5 1.27908 1.6112 0.0990917
47.5 7.11 18.5 1.77514 2.1265 0.0990917
47.5 7.11 20.5 2.35132 2.7051 0.0990917
47.5 7.11 22.5 3.00764 3.3441 0.0990917
47.5 7.11 24.5 3.74408 4.0411 0.0990917
47.5 7.11 26.5 4.56068 4.7937 0.0990917
47.5 7.11 28.5 5.45742 5.5992 0.0990917
47.5 7.11 30.5 6.43432 6.457 0.0990917
47.5 7.11 32.5 7.49139 7.3667 0.0990917
47.5 7.11 34.5 8.62862 8.3293 0.0990917
47.5 7.11 36.5 9.84602 9.3458 0.0990917
47.5 7.11 38.5 11.1436 10.4169 0.0990917
47.5 7.11 40.5 12.5214 11.5431 0.0990917
47.5 7.11 42.5 13.9793 12.7224 0.0990917
47.5 7.11 44.5 15.5174 13.9491 0.0990917
47.5 7.11 46.5 17.1357 15.2181 0.0990917
47.5 7.11 48.5 18.8342 16.5221 0.0990917
*******TSD2********
47.5 7.11 13.5 0.710183 1.3394 0.0990917
47.5 7.11 15.5 1.05426 1.7467 0.0990917
47.5 7.11 17.5 1.47834 2.2184 0.0990917
47.5 7.11 19.5 1.98245 2.7527 0.0990917
47.5 7.11 21.5 2.56663 3.3484 0.0990917
47.5 7.11 23.5 3.2309 4.003 0.0990917
47.5 7.11 25.5 3.97527 4.7143 0.0990917
47.5 7.11 27.5 4.79978 5.4805 0.0990917
47.5 7.11 29.5 5.70442 6.3004 0.0990917
47.5 7.11 31.5 6.68922 7.1733 0.0990917
47.5 7.11 33.5 7.75418 8.0998 0.0990917
47.5 7.11 35.5 8.89932 9.08 0.0990917
47.5 7.11 37.5 10.1246 10.1147 0.0990917
47.5 7.11 39.5 11.4301 11.2036 0.0990917
47.5 7.11 41.5 12.8158 12.3466 0.0990917
47.5 7.11 43.5 14.2817 13.5441 0.0990917
47.5 7.11 45.5 15.8278 14.7911 0.0990917
*******TSD3********
47.5 7.11 16.5 1.24541 2.1237 0.0990917
47.5 7.11 18.5 1.67761 2.6293 0.0990917
47.5 7.11 20.5 2.18977 3.1973 0.0990917
47.5 7.11 22.5 2.78194 3.8243 0.0990917
47.5 7.11 24.5 3.45416 4.5094 0.0990917
47.5 7.11 26.5 4.20647 5.2506 0.0990917
47.5 7.11 28.5 5.03888 6.0465 0.0990917
47.5 7.11 30.5 5.95142 6.8963 0.0990917
47.5 7.11 32.5 6.94411 7.7988 0.0990917
47.5 7.11 34.5 8.01697 8.7546 0.0990917
47.5 7.11 36.5 9.17001 9.7638 0.0990917
47.5 7.11 38.5 10.4032 10.8268 0.0990917
47.5 7.11 40.5 11.7167 11.9392 0.0990917
47.5 7.11 42.5 13.1103 13.0861 0.0990917
*******TSD4********
47.5 7.11 23.5 4.05425 4.58 0.0990917
47.5 7.11 25.5 4.81752 5.2251 0.0990917
47.5 7.11 27.5 5.66081 5.9273 0.0990917
47.5 7.11 29.5 6.58418 6.6819 0.0990917
47.5 7.11 31.5 7.58764 7.4919 0.0990917
47.5 7.11 33.5 8.67122 8.3573 0.0990917
47.5 7.11 35.5 9.83494 9.2778 0.0990917
47.5 7.11 37.5 11.0788 10.2535 0.0990917
47.5 7.11 39.5 12.4029 11.2851 0.0990917
47.5 7.11 41.5 13.8071 12.3701 0.0990917
******************************
              e=              -0.7515
*******TSD1********
47.5 7.51 8.5 0.0957357 0.1966 0.0987265
47.5 7.51 10.5 0.271504 0.4597 0.0987265
47.5 7.51 12.5 0.527331 0.7746 0.0987265
47.5 7.51 14.5 0.863235 1.1609 0.0987265
47.5 7.51 16.5 1.27923 1.6112 0.0987265
47.5 7.51 18.5 1.77534 2.1265 0.0987265
47.5 7.51 20.5 2.35157 2.7051 0.0987265
47.5 7.51 22.5 3.00792 3.3441 0.0987265
47.5 7.51 24.5 3.74442 4.0411 0.0987265
47.5 7.51 26.5 4.56106 4.7937 0.0987265
47.5 7.51 28.5 5.45785 5.5992 0.0987265
47.5 7.51 30.5 6.4348 6.457 0.0987265
47.5 7.51 32.5 7.49192 7.3667 0.0987265
47.5 7.51 34.5 8.6292 8.3293 0.0987265
47.5 7.51 36.5 9.84666 9.3458 0.0987265
47.5 7.51 38.5 11.1443 10.4169 0.0987265
47.5 7.51 40.5 12.5221 11.5431 0.0987265
47.5 7.51 42.5 13.9801 12.7224 0.0987265
47.5 7.51 44.5 15.5183 13.9491 0.0987265
47.5 7.51 46.5 17.1366 15.2181 0.0987265
47.5 7.51 48.5 18.8352 16.5221 0.0987265
*******TSD2********
47.5 7.51 13.5 0.711198 1.3394 0.0987265
47.5 7.51 15.5 1.05544 1.7467 0.0987265
47.5 7.51 17.5 1.47969 2.2184 0.0987265
47.5 7.51 19.5 1.98397 2.7527 0.0987265
47.5 7.51 21.5 2.56831 3.3484 0.0987265
47.5 7.51 23.5 3.23273 4.003 0.0987265
47.5 7.51 25.5 3.97726 4.7143 0.0987265
47.5 7.51 27.5 4.80191 5.4805 0.0987265
47.5 7.51 29.5 5.70671 6.3004 0.0987265
47.5 7.51 31.5 6.69165 7.1733 0.0987265
47.5 7.51 33.5 7.75675 8.0998 0.0987265
47.5 7.51 35.5 8.90203 9.08 0.0987265
47.5 7.51 37.5 10.1275 10.1147 0.0987265
47.5 7.51 39.5 11.4331 11.2036 0.0987265
47.5 7.51 41.5 12.8189 12.3466 0.0987265
47.5 7.51 43.5 14.285 13.5441 0.0987265
47.5 7.51 45.5 15.8312 14.7911 0.0987265
*******TSD3********
47.5 7.51 16.5 1.24765 2.1237 0.0987265
47.5 7.51 18.5 1.68015 2.6293 0.0987265
47.5 7.51 20.5 2.19259 3.1973 0.0987265
47.5 7.51 22.5 2.78504 3.8243 0.0987265
47.5 7.51 24.5 3.45754 4.5094 0.0987265
47.5 7.51 26.5 4.2101 5.2506 0.0987265
47.5 7.51 28.5 5.04277 6.0465 0.0987265
47.5 7.51 30.5 5.95556 6.8963 0.0987265
47.5 7.51 32.5 6.9485 7.7988 0.0987265
47.5 7.51 34.5 8.02159 8.7546 0.0987265
47.5 7.51 36.5 9.17485 9.7638 0.0987265
47.5 7.51 38.5 10.4083 10.8268 0.0987265
47.5 7.51 40.5 11.7219 11.9392 0.0987265
47.5 7.51 42.5 13.1158 13.0861 0.0987265
*******TSD4********
47.5 7.51 23.5 4.04444 4.58 0.0987265
47.5 7.51 25.5 4.80795 5.2251 0.0987265
47.5 7.51 27.5 5.65149 5.9273 0.0987265
47.5 7.51 29.5 6.57509 6.6819 0.0987265
47.5 7.51 31.5 7.57878 7.4919 0.0987265
47.5 7.51 33.5 8.66259 8.3573 0.0987265
47.5 7.51 35.5 9.82653 9.2778 0.0987265
47.5 7.51 37.5 11.0706 10.2535 0.0987265
47.5 7.51 39.5 12.3949 11.2851 0.0987265
47.5 7.51 41.5 13.7993 12.3701 0.0987265
******************************
              e=              -0.835
*******TSD1********
47.5 7.91 8.5 0.0957575 0.1966 0.0983943
47.5 7.91 10.5 0.271552 0.4597 0.0983943
47.5 7.91 12.5 0.527407 0.7746 0.0983943
47.5 7.91 14.5 0.863344 1.1609 0.0983943
47.5 7.91 16.5 1.27938 1.6112 0.0983943
47.5 7.91 18.5 1.77552 2.1265 0.0983943
47.5 7.91 20.5 2.35179 2.7051 0.0983943
47.5 7.91 22.5 3.00818 3.3441 0.0983943
47.5 7.91 24.5 3.74472 4.0411 0.0983943
47.5 7.91 26.5 4.56141 4.7937 0.0983943
47.5 7.91 28.5 5.45825 5.5992 0.0983943
47.5 7.91 30.5 6.43524 6.457 0.0983943
47.5 7.91 32.5 7.49241 7.3667 0.0983943
47.5 7.91 34.5 8.62974 8.3293 0.0983943
47.5 7.91 36.5 9.84724 9.3458 0.0983943
47.5 7.91 38.5 11.1449 10.4169 0.0983943
47.5 7.91 40.5 12.5228 11.5431 0.0983943
47.5 7.91 42.5 13.9808 12.7224 0.0983943
47.5 7.91 44.5 15.5191 13.9491 0.0983943
47.5 7.91 46.5 17.1375 15.2181 0.0983943
47.5 7.91 48.5 18.8361 16.5221 0.0983943
*******TSD2********
47.5 7.91 13.5 0.712117 1.3394 0.0983943
47.5 7.91 15.5 1.05652 1.7467 0.0983943
47.5 7.91 17.5 1.48091 2.2184 0.0983943
47.5 7.91 19.5 1.98534 2.7527 0.0983943
47.5 7.91 21.5 2.56983 3.3484 0.0983943
47.5 7.91 23.5 3.2344 4.003 0.0983943
47.5 7.91 25.5 3.97907 4.7143 0.0983943
47.5 7.91 27.5 4.80387 5.4805 0.0983943
47.5 7.91 29.5 5.7088 6.3004 0.0983943
47.5 7.91 31.5 6.69387 7.1733 0.0983943
47.5 7.91 33.5 7.75911 8.0998 0.0983943
47.5 7.91 35.5 8.90451 9.08 0.0983943
47.5 7.91 37.5 10.1301 10.1147 0.0983943
47.5 7.91 39.5 11.4359 11.2036 0.0983943
47.5 7.91 41.5 12.8218 12.3466 0.0983943
47.5 7.91 43.5 14.2879 13.5441 0.0983943
47.5 7.91 45.5 15.8343 14.7911 0.0983943
*******TSD3********
47.5 7.91 16.5 1.24969 2.1237 0.0983943
47.5 7.91 18.5 1.68245 2.6293 0.0983943
47.5 7.91 20.5 2.19516 3.1973 0.0983943
47.5 7.91 22.5 2.78787 3.8243 0.0983943
47.5 7.91 24.5 3.46061 4.5094 0.0983943
47.5 7.91 26.5 4.21342 5.2506 0.0983943
47.5 7.91 28.5 5.04633 6.0465 0.0983943
47.5 7.91 30.5 5.95935 6.8963 0.0983943
47.5 7.91 32.5 6.95251 7.7988 0.0983943
47.5 7.91 34.5 8.02581 8.7546 0.0983943
47.5 7.91 36.5 9.17929 9.7638 0.0983943
47.5 7.91 38.5 10.4129 10.8268 0.0983943
47.5 7.91 40.5 11.7268 11.9392 0.0983943
47.5 7.91 42.5 13.1208 13.0861 0.0983943
*******TSD4********
47.5 7.91 23.5 4.03439 4.58 0.0983943
47.5 7.91 25.5 4.79812 5.2251 0.0983943
47.5 7.91 27.5 5.64188 5.9273 0.0983943
47.5 7.91 29.5 6.5657 6.6819 0.0983943
47.5 7.91 31.5 7.56961 7.4919 0.0983943
47.5 7.91 33.5 8.65362 8.3573 0.0983943
47.5 7.91 35.5 9.81777 9.2778 0.0983943
47.5 7.91 37.5 11.0621 10.2535 0.0983943
47.5 7.91 39.5 12.3865 11.2851 0.0983943
47.5 7.91 41.5 13.7911 12.3701 0.0983943
******************************
              e=              -0.9185
*******TSD1********
47.5 8.31 8.5 0.0957773 0.1966 0.0980916
47.5 8.31 10.5 0.271595 0.4597 0.0980916
47.5 8.31 12.5 0.527478 0.7746 0.0980916
47.5 8.31 14.5 0.863444 1.1609 0.0980916
47.5 8.31 16.5 1.27951 1.6112 0.0980916
47.5 8.31 18.5 1.77569 2.1265 0.0980916
47.5 8.31 20.5 2.35199 2.7051 0.0980916
47.5 8.31 22.5 3.00843 3.3441 0.0980916
47.5 8.31 24.5 3.745 4.0411 0.0980916
47.5 8.31 26.5 4.56173 4.7937 0.0980916
47.5 8.31 28.5 5.45861 5.5992 0.0980916
47.5 8.31 30.5 6.43565 6.457 0.0980916
47.5 8.31 32.5 7.49286 7.3667 0.0980916
47.5 8.31 34.5 8.63024 8.3293 0.0980916
47.5 8.31 36.5 9.84779 9.3458 0.0980916
47.5 8.31 38.5 11.1455 10.4169 0.0980916
47.5 8.31 40.5 12.5234 11.5431 0.0980916
47.5 8.31 42.5 13.9815 12.7224 0.0980916
47.5 8.31 44.5 15.5198 13.9491 0.0980916
47.5 8.31 46.5 17.1383 15.2181 0.0980916
47.5 8.31 48.5 18.8369 16.5221 0.0980916
*******TSD2********
47.5 8.31 13.5 0.712952 1.3394 0.0980916
47.5 8.31 15.5 1.05749 1.7467 0.0980916
47.5 8.31 17.5 1.48203 2.2184 0.0980916
47.5 8.31 19.5 1.9866 2.7527 0.0980916
47.5 8.31 21.5 2.57122 3.3484 0.0980916
47.5 8.31 23.5 3.23593 4.003 0.0980916
47.5 8.31 25.5 3.98073 4.7143 0.0980916
47.5 8.31 27.5 4.80566 5.4805 0.0980916
47.5 8.31 29.5 5.71072 6.3004 0.0980916
47.5 8.31 31.5 6.69592 7.1733 0.0980916
47.5 8.31 33.5 7.76128 8.0998 0.0980916
47.5 8.31 35.5 8.90681 9.08 0.0980916
47.5 8.31 37.5 10.1325 10.1147 0.0980916
47.5 8.31 39.5 11.4384 11.2036 0.0980916
47.5 8.31 41.5 12.8244 12.3466 0.0980916
47.5 8.31 43.5 14.2907 13.5441 0.0980916
47.5 8.31 45.5 15.8372 14.7911 0.0980916
*******TSD3********
47.5 8.31 16.5 1.25154 2.1237 0.0980916
47.5 8.31 18.5 1.68455 2.6293 0.0980916
47.5 8.31 20.5 2.19751 3.1973 0.0980916
47.5 8.31 22.5 2.79045 3.8243 0.0980916
47.5 8.31 24.5 3.46343 4.5094 0.0980916
47.5 8.31 26.5 4.21647 5.2506 0.0980916
47.5 8.31 28.5 5.04959 6.0465 0.0980916
47.5 8.31 30.5 5.96283 6.8963 0.0980916
47.5 8.31 32.5 6.95619 7.7988 0.0980916
47.5 8.31 34.5 8.0297 8.7546 0.0980916
47.5 8.31 36.5 9.18337 9.7638 0.0980916
47.5 8.31 38.5 10.4172 10.8268 0.0980916
47.5 8.31 40.5 11.7312 11.9392 0.0980916
47.5 8.31 42.5 13.1255 13.0861 0.0980916
*******TSD4********
47.5 8.31 23.5 4.02412 4.58 0.0980916
47.5 8.31 25.5 4.78806 5.2251 0.0980916
47.5 8.31 27.5 5.63203 5.9273 0.0980916
47.5 8.31 29.5 6.55605 6.6819 0.0980916
47.5 8.31 31.5 7.56016 7.4919 0.0980916
47.5 8.31 33.5 8.64437 8.3573 0.0980916
47.5 8.31 35.5 9.8087 9.2778 0.0980916
47.5 8.31 37.5 11.0532 10.2535 0.0980916
47.5 8.31 39.5 12.3778 11.2851 0.0980916
47.5 8.31 41.5 13.7826 12.3701 0.0980916
******************************
              e=              -1.002
*******TSD1********
47.5 8.71 8.5 0.0957956 0.1966 0.0978152
47.5 8.71 10.5 0.271635 0.4597 0.0978152
47.5 8.71 12.5 0.527543 0.7746 0.0978152
47.5 8.71 14.5 0.863536 1.1609 0.0978152
47.5 8.71 16.5 1.27963 1.6112 0.0978152
47.5 8.71 18.5 1.77584 2.1265 0.0978152
47.5 8.71 20.5 2.35218 2.7051 0.0978152
47.5 8.71 22.5 3.00865 3.3441 0.0978152
47.5 8.71 24.5 3.74526 4.0411 0.0978152
47.5 8.71 26.5 4.56203 4.7937 0.0978152
47.5 8.71 28.5 5.45895 5.5992 0.0978152
47.5 8.71 30.5 6.43603 6.457 0.0978152
47.5 8.71 32.5 7.49328 7.3667 0.0978152
47.5 8.71 34.5 8.6307 8.3293 0.0978152
47.5 8.71 36.5 9.8483 9.3458 0.0978152
47.5 8.71 38.5 11.1461 10.4169 0.0978152
47.5 8.71 40.5 12.524 11.5431 0.0978152
47.5 8.71 42.5 13.9822 12.7224 0.0978152
47.5 8.71 44.5 15.5205 13.9491 0.0978152
47.5 8.71 46.5 17.139 15.2181 0.0978152
47.5 8.71 48.5 18.8377 16.5221 0.0978152
*******TSD2********
47.5 8.71 13.5 0.713716 1.3394 0.0978152
47.5 8.71 15.5 1.05839 1.7467 0.0978152
47.5 8.71 17.5 1.48305 2.2184 0.0978152
47.5 8.71 19.5 1.98775 2.7527 0.0978152
47.5 8.71 21.5 2.5725 3.3484 0.0978152
47.5 8.71 23.5 3.23733 4.003 0.0978152
47.5 8.71 25.5 3.98226 4.7143 0.0978152
47.5 8.71 27.5 4.80731 5.4805 0.0978152
47.5 8.71 29.5 5.71249 6.3004 0.0978152
47.5 8.71 31.5 6.69781 7.1733 0.0978152
47.5 8.71 33.5 7.76329 8.0998 0.0978152
47.5 8.71 35.5 8.90892 9.08 0.0978152
47.5 8.71 37.5 10.1347 10.1147 0.0978152
47.5 8.71 39.5 11.4407 11.2036 0.0978152
47.5 8.71 41.5 12.8269 12.3466 0.0978152
47.5 8.71 43.5 14.2933 13.5441 0.0978152
47.5 8.71 45.5 15.8398 14.7911 0.0978152
*******TSD3********
47.5 8.71 16.5 1.25324 2.1237 0.0978152
47.5 8.71 18.5 1.68648 2.6293 0.0978152
47.5 8.71 20.5 2.19966 3.1973 0.0978152
47.5 8.71 22.5 2.79282 3.8243 0.0978152
47.5 8.71 24.5 3.46601 4.5094 0.0978152
47.5 8.71 26.5 4.21926 5.2506 0.0978152
47.5 8.71 28.5 5.05259 6.0465 0.0978152
47.5 8.71 30.5 5.96603 6.8963 0.0978152
47.5 8.71 32.5 6.95959 7.7988 0.0978152
47.5 8.71 34.5 8.03329 8.7546 0.0978152
47.5 8.71 36.5 9.18715 9.7638 0.0978152
47.5 8.71 38.5 10.4212 10.8268 0.0978152
47.5 8.71 40.5 11.7354 11.9392 0.0978152
47.5 8.71 42.5 13.1298 13.0861 0.0978152
*******TSD4********
47.5 8.71 23.5 4.01367 4.58 0.0978152
47.5 8.71 25.5 4.77781 5.2251 0.0978152
47.5 8.71 27.5 5.62196 5.9273 0.0978152
47.5 8.71 29.5 6.54617 6.6819 0.0978152
47.5 8.71 31.5 7.55046 7.4919 0.0978152
47.5 8.71 33.5 8.63485 8.3573 0.0978152
47.5 8.71 35.5 9.79936 9.2778 0.0978152
47.5 8.71 37.5 11.044 10.2535 0.0978152
47.5 8.71 39.5 12.3688 11.2851 0.0978152
47.5 8.71 41.5 13.7738 12.3701 0.0978152
******************************
              e=              -1.0855
*******TSD1********
47.5 9.11 8.5 0.0958124 0.1966 0.0975627
47.5 9.11 10.5 0.271672 0.4597 0.0975627
47.5 9.11 12.5 0.527602 0.7746 0.0975627
47.5 9.11 14.5 0.863621 1.1609 0.0975627
47.5 9.11 16.5 1.27974 1.6112 0.0975627
47.5 9.11 18.5 1.77598 2.1265 0.0975627
47.5 9.11 20.5 2.35235 2.7051 0.0975627
47.5 9.11 22.5 3.00886 3.3441 0.0975627
47.5 9.11 24.5 3.74551 4.0411 0.0975627
47.5 9.11 26.5 4.56231 4.7937 0.0975627
47.5 9.11 28.5 5.45926 5.5992 0.0975627
47.5 9.11 30.5 6.43639 6.457 0.0975627
47.5 9.11 32.5 7.49367 7.3667 0.0975627
47.5 9.11 34.5 8.63113 8.3293 0.0975627
47.5 9.11 36.5 9.84877 9.3458 0.0975627
47.5 9.11 38.5 11.1466 10.4169 0.0975627
47.5 9.11 40.5 12.5246 11.5431 0.0975627
47.5 9.11 42.5 13.9828 12.7224 0.0975627
47.5 9.11 44.5 15.5211 13.9491 0.0975627
47.5 9.11 46.5 17.1397 15.2181 0.0975627
47.5 9.11 48.5 18.8384 16.5221 0.0975627
*******TSD2********
47.5 9.11 13.5 0.714416 1.3394 0.0975627
47.5 9.11 15.5 1.05921 1.7467 0.0975627
47.5 9.11 17.5 1.48399 2.2184 0.0975627
47.5 9.11 19.5 1.98881 2.7527 0.0975627
47.5 9.11 21.5 2.57368 3.3484 0.0975627
47.5 9.11 23.5 3.23863 4.003 0.0975627
47.5 9.11 25.5 3.98367 4.7143 0.0975627
47.5 9.11 27.5 4.80883 5.4805 0.0975627
47.5 9.11 29.5 5.71412 6.3004 0.0975627
47.5 9.11 31.5 6.69956 7.1733 0.0975627
47.5 9.11 33.5 7.76514 8.0998 0.0975627
47.5 9.11 35.5 8.91089 9.08 0.0975627
47.5 9.11 37.5 10.1368 10.1147 0.0975627
47.5 9.11 39.5 11.4429 11.2036 0.0975627
47.5 9.11 41.5 12.8292 12.3466 0.0975627
47.5 9.11 43.5 14.2956 13.5441 0.0975627
47.5 9.11 45.5 15.8423 14.7911 0.0975627
*******TSD3********
47.5 9.11 16.5 1.25479 2.1237 0.0975627
47.5 9.11 18.5 1.68824 2.6293 0.0975627
47.5 9.11 20.5 2.20163 3.1973 0.0975627
47.5 9.11 22.5 2.795 3.8243 0.0975627
47.5 9.11 24.5 3.46839 4.5094 0.0975627
47.5 9.11 26.5 4.22184 5.2506 0.0975627
47.5 9.11 28.5 5.05536 6.0465 0.0975627
47.5 9.11 30.5 5.96899 6.8963 0.0975627
47.5 9.11 32.5 6.96273 7.7988 0.0975627
47.5 9.11 34.5 8.03661 8.7546 0.0975627
47.5 9.11 36.5 9.19064 9.7638 0.0975627
47.5 9.11 38.5 10.4248 10.8268 0.0975627
47.5 9.11 40.5 11.7392 11.9392 0.0975627
47.5 9.11 42.5 13.1338 13.0861 0.0975627
*******TSD4********
47.5 9.11 23.5 4.00306 4.58 0.0975627
47.5 9.11 25.5 4.76737 5.2251 0.0975627
47.5 9.11 27.5 5.61171 5.9273 0.0975627
47.5 9.11 29.5 6.53609 6.6819 0.0975627
47.5 9.11 31.5 7.54055 7.4919 0.0975627
47.5 9.11 33.5 8.62511 8.3573 0.0975627
47.5 9.11 35.5 9.78978 9.2778 0.0975627
47.5 9.11 37.5 11.0346 10.2535 0.0975627
47.5 9.11 39.5 12.3596 11.2851 0.0975627
47.5 9.11 41.5 13.7647 12.3701 0.0975627
******************************
              e=              -1.169
*******TSD1********
47.5 9.51 8.5 0.095828 0.1966 0.097332
47.5 9.51 10.5 0.271706 0.4597 0.097332
47.5 9.51 12.5 0.527658 0.7746 0.097332
47.5 9.51 14.5 0.8637 1.1609 0.097332
47.5 9.51 16.5 1.27985 1.6112 0.097332
47.5 9.51 18.5 1.77612 2.1265 0.097332
47.5 9.51 20.5 2.35251 2.7051 0.097332
47.5 9.51 22.5 3.00905 3.3441 0.097332
47.5 9.51 24.5 3.74573 4.0411 0.097332
47.5 9.51 26.5 4.56256 4.7937 0.097332
47.5 9.51 28.5 5.45956 5.5992 0.097332
47.5 9.51 30.5 6.43671 6.457 0.097332
47.5 9.51 32.5 7.49404 7.3667 0.097332
47.5 9.51 34.5 8.63154 8.3293 0.097332
47.5 9.51 36.5 9.84921 9.3458 0.097332
47.5 9.51 38.5 11.1471 10.4169 0.097332
47.5 9.51 40.5 12.5251 11.5431 0.097332
47.5 9.51 42.5 13.9833 12.7224 0.097332
47.5 9.51 44.5 15.5217 13.9491 0.097332
47.5 9.51 46.5 17.1403 15.2181 0.097332
47.5 9.51 48.5 18.8391 16.5221 0.097332
*******TSD2********
47.5 9.51 13.5 0.71506 1.3394 0.097332
47.5 9.51 15.5 1.05996 1.7467 0.097332
47.5 9.51 17.5 1.48486 2.2184 0.097332
47.5 9.51 19.5 1.98979 2.7527 0.097332
47.5 9.51 21.5 2.57476 3.3484 0.097332
47.5 9.51 23.5 3.23982 4.003 0.097332
47.5 9.51 25.5 3.98498 4.7143 0.097332
47.5 9.51 27.5 4.81025 5.4805 0.097332
47.5 9.51 29.5 5.71564 6.3004 0.097332
47.5 9.51 31.5 6.70118 7.1733 0.097332
47.5 9.51 33.5 7.76687 8.0998 0.097332
47.5 9.51 35.5 8.91271 9.08 0.097332
47.5 9.51 37.5 10.1387 10.1147 0.097332
47.5 9.51 39.5 11.4449 11.2036 0.097332
47.5 9.51 41.5 12.8313 12.3466 0.097332
47.5 9.51 43.5 14.2978 13.5441 0.097332
47.5 9.51 45.5 15.8446 14.7911 0.097332
*******TSD3********
47.5 9.51 16.5 1.25623 2.1237 0.097332
47.5 9.51 18.5 1.68987 2.6293 0.097332
47.5 9.51 20.5 2.20345 3.1973 0.097332
47.5 9.51 22.5 2.79702 3.8243 0.097332
47.5 9.51 24.5 3.4706 4.5094 0.097332
47.5 9.51 26.5 4.22422 5.2506 0.097332
47.5 9.51 28.5 5.05793 6.0465 0.097332
47.5 9.51 30.5 5.97173 6.8963 0.097332
47.5 9.51 32.5 6.96564 7.7988 0.097332
47.5 9.51 34.5 8.03969 8.7546 0.097332
47.5 9.51 36.5 9.19389 9.7638 0.097332
47.5 9.51 38.5 10.4282 10.8268 0.097332
47.5 9.51 40.5 11.7428 11.9392 0.097332
47.5 9.51 42.5 13.1375 13.0861 0.097332
*******TSD4********
47.5 9.51 23.5 3.9923 4.58 0.097332
47.5 9.51 25.5 4.75678 5.2251 0.097332
47.5 9.51 27.5 5.60128 5.9273 0.097332
47.5 9.51 29.5 6.52583 6.6819 0.097332
47.5 9.51 31.5 7.53045 7.4919 0.097332
47.5 9.51 33.5 8.61516 8.3573 0.097332
47.5 9.51 35.5 9.77999 9.2778 0.097332
47.5 9.51 37.5 11.025 10.2535 0.097332
47.5 9.51 39.5 12.3501 11.2851 0.097332
47.5 9.51 41.5 13.7553 12.3701 0.097332
******************************
              e=              -1.2525
*******TSD1********
47.5 9.91 8.5 0.0958424 0.1966 0.0971213
47.5 9.91 10.5 0.271738 0.4597 0.0971213
47.5 9.91 12.5 0.527709 0.7746 0.0971213
47.5 9.91 14.5 0.863774 1.1609 0.0971213
47.5 9.91 16.5 1.27995 1.6112 0.0971213
47.5 9.91 18.5 1.77624 2.1265 0.0971213
47.5 9.91 20.5 2.35266 2.7051 0.0971213
47.5 9.91 22.5 3.00923 3.3441 0.0971213
47.5 9.91 24.5 3.74594 4.0411 0.0971213
47.5 9.91 26.5 4.56281 4.7937 0.0971213
47.5 9.91 28.5 5.45983 5.5992 0.0971213
47.5 9.91 30.5 6.43702 6.457 0.0971213
47.5 9.91 32.5 7.49438 7.3667 0.0971213
47.5 9.91 34.5 8.63191 8.3293 0.0971213
47.5 9.91 36.5 9.84962 9.3458 0.0971213
47.5 9.91 38.5 11.1475 10.4169 0.0971213
47.5 9.91 40.5 12.5256 11.5431 0.0971213
47.5 9.91 42.5 13.9838 12.7224 0.0971213
47.5 9.91 44.5 15.5223 13.9491 0.0971213
47.5 9.91 46.5 17.1409 15.2181 0.0971213
47.5 9.91 48.5 18.8398 16.5221 0.0971213
*******TSD2********
47.5 9.91 13.5 0.715655 1.3394 0.0971213
47.5 9.91 15.5 1.06066 1.7467 0.0971213
47.5 9.91 17.5 1.48566 2.2184 0.0971213
47.5 9.91 19.5 1.99069 2.7527 0.0971213
47.5 9.91 21.5 2.57577 3.3484 0.0971213
47.5 9.91 23.5 3.24093 4.003 0.0971213
47.5 9.91 25.5 3.98619 4.7143 0.0971213
47.5 9.91 27.5 4.81156 5.4805 0.0971213
47.5 9.91 29.5 5.71705 6.3004 0.0971213
47.5 9.91 31.5 6.70269 7.1733 0.0971213
47.5 9.91 33.5 7.76847 8.0998 0.0971213
47.5 9.91 35.5 8.91442 9.08 0.0971213
47.5 9.91 37.5 10.1405 10.1147 0.0971213
47.5 9.91 39.5 11.4468 11.2036 0.0971213
47.5 9.91 41.5 12.8333 12.3466 0.0971213
47.5 9.91 43.5 14.2999 13.5441 0.0971213
47.5 9.91 45.5 15.8468 14.7911 0.0971213
*******TSD3********
47.5 9.91 16.5 1.25755 2.1237 0.0971213
47.5 9.91 18.5 1.69138 2.6293 0.0971213
47.5 9.91 20.5 2.20514 3.1973 0.0971213
47.5 9.91 22.5 2.79888 3.8243 0.0971213
47.5 9.91 24.5 3.47264 4.5094 0.0971213
47.5 9.91 26.5 4.22644 5.2506 0.0971213
47.5 9.91 28.5 5.06031 6.0465 0.0971213
47.5 9.91 30.5 5.97428 6.8963 0.0971213
47.5 9.91 32.5 6.96835 7.7988 0.0971213
47.5 9.91 34.5 8.04256 8.7546 0.0971213
47.5 9.91 36.5 9.19692 9.7638 0.0971213
47.5 9.91 38.5 10.4314 10.8268 0.0971213
47.5 9.91 40.5 11.7461 11.9392 0.0971213
47.5 9.91 42.5 13.141 13.0861 0.0971213
*******TSD4********
47.5 9.91 23.5 3.98142 4.58 0.0971213
47.5 9.91 25.5 4.74606 5.2251 0.0971213
47.5 9.91 27.5 5.59071 5.9273 0.0971213
47.5 9.91 29.5 6.5154 6.6819 0.0971213
47.5 9.91 31.5 7.52017 7.4919 0.0971213
47.5 9.91 33.5 8.60504 8.3573 0.0971213
47.5 9.91 35.5 9.77001 9.2778 0.0971213
47.5 9.91 37.5 11.0151 10.2535 0.0971213
47.5 9.91 39.5 12.3404 11.2851 0.0971213
47.5 9.91 41.5 13.7458 12.3701 0.0971213
******************************
              e=              -1.336
*******TSD1********
47.4 9.91 8.5 0.0960439 0.1966 0.0970982
47.4 9.91 10.5 0.27231 0.4597 0.0970982
47.4 9.91 12.5 0.52882 0.7746 0.0970982
47.4 9.91 14.5 0.865592 1.1609 0.0970982
47.4 9.91 16.5 1.28264 1.6112 0.0970982
47.4 9.91 18.5 1.77998 2.1265 0.0970982
47.4 9.91 20.5 2.35762 2.7051 0.0970982
47.4 9.91 22.5 3.01557 3.3441 0.0970982
47.4 9.91 24.5 3.75383 4.0411 0.0970982
47.4 9.91 26.5 4.57242 4.7937 0.0970982
47.4 9.91 28.5 5.47134 5.5992 0.0970982
47.4 9.91 30.5 6.45059 6.457 0.0970982
47.4 9.91 32.5 7.51018 7.3667 0.0970982
47.4 9.91 34.5 8.65011 8.3293 0.0970982
47.4 9.91 36.5 9.87038 9.3458 0.0970982
47.4 9.91 38.5 11.171 10.4169 0.0970982
47.4 9.91 40.5 12.552 11.5431 0.0970982
47.4 9.91 42.5 14.0133 12.7224 0.0970982
47.4 9.91 44.5 15.555 13.9491 0.0970982
47.4 9.91 46.5 17.1771 15.2181 0.0970982
47.4 9.91 48.5 18.8795 16.5221 0.0970982
*******TSD2********
47.4 9.91 13.5 0.717135 1.3394 0.0970982
47.4 9.91 15.5 1.06286 1.7467 0.0970982
47.4 9.91 17.5 1.48876 2.2184 0.0970982
47.4 9.91 19.5 1.99485 2.7527 0.0970982
47.4 9.91 21.5 2.58116 3.3484 0.0970982
47.4 9.91 23.5 3.24771 4.003 0.0970982
47.4 9.91 25.5 3.99454 4.7143 0.0970982
47.4 9.91 27.5 4.82164 5.4805 0.0970982
47.4 9.91 29.5 5.72904 6.3004 0.0970982
47.4 9.91 31.5 6.71675 7.1733 0.0970982
47.4 9.91 33.5 7.78478 8.0998 0.0970982
47.4 9.91 35.5 8.93314 9.08 0.0970982
47.4 9.91 37.5 10.1618 10.1147 0.0970982
47.4 9.91 39.5 11.4709 11.2036 0.0970982
47.4 9.91 41.5 12.8602 12.3466 0.0970982
47.4 9.91 43.5 14.33 13.5441 0.0970982
47.4 9.91 45.5 15.8801 14.7911 0.0970982
*******TSD3********
47.4 9.91 16.5 1.26014 2.1237 0.0970982
47.4 9.91 18.5 1.69487 2.6293 0.0970982
47.4 9.91 20.5 2.20971 3.1973 0.0970982
47.4 9.91 22.5 2.80469 3.8243 0.0970982
47.4 9.91 24.5 3.47986 4.5094 0.0970982
47.4 9.91 26.5 4.23524 5.2506 0.0970982
47.4 9.91 28.5 5.07086 6.0465 0.0970982
47.4 9.91 30.5 5.98675 6.8963 0.0970982
47.4 9.91 32.5 6.98292 7.7988 0.0970982
47.4 9.91 34.5 8.05939 8.7546 0.0970982
47.4 9.91 36.5 9.21617 9.7638 0.0970982
47.4 9.91 38.5 10.4533 10.8268 0.0970982
47.4 9.91 40.5 11.7707 11.9392 0.0970982
47.4 9.91 42.5 13.1685 13.0861 0.0970982
*******TSD4********
47.4 9.91 23.5 3.90517 4.58 0.0970982
47.4 9.91 25.5 4.67141 5.2251 0.0970982
47.4 9.91 27.5 5.51784 5.9273 0.0970982
47.4 9.91 29.5 6.44448 6.6819 0.0970982
47.4 9.91 31.5 7.45136 7.4919 0.0970982
47.4 9.91 33.5 8.5385 8.3573 0.0970982
47.4 9.91 35.5 9.70593 9.2778 0.0970982
47.4 9.91 37.5 10.9537 10.2535 0.0970982
47.4 9.91 39.5 12.2817 11.2851 0.0970982
47.4 9.91 41.5 13.6901 12.3701 0.0970982
******************************
              e=              -1.4195
*******TSD1********
47.3 9.91 8.5 0.0962462 0.1966 0.0973341
47.3 9.91 10.5 0.272884 0.4597 0.0973341
47.3 9.91 12.5 0.529935 0.7746 0.0973341
47.3 9.91 14.5 0.867419 1.1609 0.0973341
47.3 9.91 16.5 1.28535 1.6112 0.0973341
47.3 9.91 18.5 1.78374 2.1265 0.0973341
47.3 9.91 20.5 2.3626 2.7051 0.0973341
47.3 9.91 22.5 3.02193 3.3441 0.0973341
47.3 9.91 24.5 3.76176 4.0411 0.0973341
47.3 9.91 26.5 4.58208 4.7937 0.0973341
47.3 9.91 28.5 5.48289 5.5992 0.0973341
47.3 9.91 30.5 6.46421 6.457 0.0973341
47.3 9.91 32.5 7.52604 7.3667 0.0973341
47.3 9.91 34.5 8.66838 8.3293 0.0973341
47.3 9.91 36.5 9.89123 9.3458 0.0973341
47.3 9.91 38.5 11.1946 10.4169 0.0973341
47.3 9.91 40.5 12.5785 11.5431 0.0973341
47.3 9.91 42.5 14.0429 12.7224 0.0973341
47.3 9.91 44.5 15.5879 13.9491 0.0973341
47.3 9.91 46.5 17.2133 15.2181 0.0973341
47.3 9.91 48.5 18.9194 16.5221 0.0973341
*******TSD2********
47.3 9.91 13.5 0.718621 1.3394 0.0973341
47.3 9.91 15.5 1.06508 1.7467 0.0973341
47.3 9.91 17.5 1.49186 2.2184 0.0973341
47.3 9.91 19.5 1.99902 2.7527 0.0973341
47.3 9.91 21.5 2.58656 3.3484 0.0973341
47.3 9.91 23.5 3.25452 4.003 0.0973341
47.3 9.91 25.5 4.00292 4.7143 0.0973341
47.3 9.91 27.5 4.83177 5.4805 0.0973341
47.3 9.91 29.5 5.74108 6.3004 0.0973341
47.3 9.91 31.5 6.73088 7.1733 0.0973341
47.3 9.91 33.5 7.80116 8.0998 0.0973341
47.3 9.91 35.5 8.95194 9.08 0.0973341
47.3 9.91 37.5 10.1832 10.1147 0.0973341
47.3 9.91 39.5 11.495 11.2036 0.0973341
47.3 9.91 41.5 12.8873 12.3466 0.0973341
47.3 9.91 43.5 14.3602 13.5441 0.0973341
47.3 9.91 45.5 15.9135 14.7911 0.0973341
*******TSD3********
47.3 9.91 16.5 1.26273 2.1237 0.0973341
47.3 9.91 18.5 1.69838 2.6293 0.0973341
47.3 9.91 20.5 2.2143 3.1973 0.0973341
47.3 9.91 22.5 2.81053 3.8243 0.0973341
47.3 9.91 24.5 3.48711 4.5094 0.0973341
47.3 9.91 26.5 4.24408 5.2506 0.0973341
47.3 9.91 28.5 5.08146 6.0465 0.0973341
47.3 9.91 30.5 5.99928 6.8963 0.0973341
47.3 9.91 32.5 6.99754 7.7988 0.0973341
47.3 9.91 34.5 8.07628 8.7546 0.0973341
47.3 9.91 36.5 9.2355 9.7638 0.0973341
47.3 9.91 38.5 10.4752 10.8268 0.0973341
47.3 9.91 40.5 11.7954 11.9392 0.0973341
47.3 9.91 42.5 13.1962 13.0861 0.0973341
*******TSD4********
47.3 9.91 23.5 3.82895 4.58 0.0973341
47.3 9.91 25.5 4.5968 5.2251 0.0973341
47.3 9.91 27.5 5.44501 5.9273 0.0973341
47.3 9.91 29.5 6.3736 6.6819 0.0973341
47.3 9.91 31.5 7.3826 7.4919 0.0973341
47.3 9.91 33.5 8.47204 8.3573 0.0973341
47.3 9.91 35.5 9.64193 9.2778 0.0973341
47.3 9.91 37.5 10.8923 10.2535 0.0973341
47.3 9.91 39.5 12.2231 11.2851 0.0973341
47.3 9.91 41.5 13.6345 12.3701 0.0973341
******************************
              e=              -1.503
*******TSD1********
47.3 9.91 8.5 0.0962462 0.1966 0.0978252
47.3 9.91 10.5 0.272884 0.4597 0.0978252
47.3 9.91 12.5 0.529935 0.7746 0.0978252
47.3 9.91 14.5 0.867419 1.1609 0.0978252
47.3 9.91 16.5 1.28535 1.6112 0.0978252
47.3 9.91 18.5 1.78374 2.1265 0.0978252
47.3 9.91 20.5 2.3626 2.7051 0.0978252
47.3 9.91 22.5 3.02193 3.3441 0.0978252
47.3 9.91 24.5 3.76176 4.0411 0.0978252
47.3 9.91 26.5 4.58208 4.7937 0.0978252
47.3 9.91 28.5 5.48289 5.5992 0.0978252
47.3 9.91 30.5 6.46421 6.457 0.0978252
47.3 9.91 32.5 7.52604 7.3667 0.0978252
47.3 9.91 34.5 8.66838 8.3293 0.0978252
47.3 9.91 36.5 9.89123 9.3458 0.0978252
47.3 9.91 38.5 11.1946 10.4169 0.0978252
47.3 9.91 40.5 12.5785 11.5431 0.0978252
47.3 9.91 42.5 14.0429 12.7224 0.0978252
47.3 9.91 44.5 15.5879 13.9491 0.0978252
47.3 9.91 46.5 17.2133 15.2181 0.0978252
47.3 9.91 48.5 18.9194 16.5221 0.0978252
*******TSD2********
47.3 9.91 13.5 0.718621 1.3394 0.0978252
47.3 9.91 15.5 1.06508 1.7467 0.0978252
47.3 9.91 17.5 1.49186 2.2184 0.0978252
47.3 9.91 19.5 1.99902 2.7527 0.0978252
47.3 9.91 21.5 2.58656 3.3484 0.0978252
47.3 9.91 23.5 3.25452 4.003 0.0978252
47.3 9.91 25.5 4.00292 4.7143 0.0978252
47.3 9.91 27.5 4.83177 5.4805 0.0978252
47.3 9.91 29.5 5.74108 6.3004 0.0978252
47.3 9.91 31.5 6.73088 7.1733 0.0978252
47.3 9.91 33.5 7.80116 8.0998 0.0978252
47.3 9.91 35.5 8.95194 9.08 0.0978252
47.3 9.91 37.5 10.1832 10.1147 0.0978252
47.3 9.91 39.5 11.495 11.2036 0.0978252
47.3 9.91 41.5 12.8873 12.3466 0.0978252
47.3 9.91 43.5 14.3602 13.5441 0.0978252
47.3 9.91 45.5 15.9135 14.7911 0.0978252
*******TSD3********
47.3 9.91 16.5 1.26273 2.1237 0.0978252
47.3 9.91 18.5 1.69838 2.6293 0.0978252
47.3 9.91 20.5 2.2143 3.1973 0.0978252
47.3 9.91 22.5 2.81053 3.8243 0.0978252
47.3 9.91 24.5 3.48711 4.5094 0.0978252
47.3 9.91 26.5 4.24408 5.2506 0.0978252
47.3 9.91 28.5 5.08146 6.0465 0.0978252
47.3 9.91 30.5 5.99928 6.8963 0.0978252
47.3 9.91 32.5 6.99754 7.7988 0.0978252
47.3 9.91 34.5 8.07628 8.7546 0.0978252
47.3 9.91 36.5 9.2355 9.7638 0.0978252
47.3 9.91 38.5 10.4752 10.8268 0.0978252
47.3 9.91 40.5 11.7954 11.9392 0.0978252
47.3 9.91 42.5 13.1962 13.0861 0.0978252
*******TSD4********
47.3 9.91 23.5 3.74545 4.58 0.0978252
47.3 9.91 25.5 4.5133 5.2251 0.0978252
47.3 9.91 27.5 5.36151 5.9273 0.0978252
47.3 9.91 29.5 6.2901 6.6819 0.0978252
47.3 9.91 31.5 7.2991 7.4919 0.0978252
47.3 9.91 33.5 8.38854 8.3573 0.0978252
47.3 9.91 35.5 9.55843 9.2778 0.0978252
47.3 9.91 37.5 10.8088 10.2535 0.0978252
47.3 9.91 39.5 12.1396 11.2851 0.0978252
47.3 9.91 41.5 13.551 12.3701 0.0978252
******************************
              e=              -1.5865
*******TSD1********
47.2 9.91 8.5 0.0964494 0.1966 0.0985719
47.2 9.91 10.5 0.27346 0.4597 0.0985719
47.2 9.91 12.5 0.531055 0.7746 0.0985719
47.2 9.91 14.5 0.869253 1.1609 0.0985719
47.2 9.91 16.5 1.28807 1.6112 0.0985719
47.2 9.91 18.5 1.78751 2.1265 0.0985719
47.2 9.91 20.5 2.36759 2.7051 0.0985719
47.2 9.91 22.5 3.02833 3.3441 0.0985719
47.2 9.91 24.5 3.76972 4.0411 0.0985719
47.2 9.91 26.5 4.59177 4.7937 0.0985719
47.2 9.91 28.5 5.49449 5.5992 0.0985719
47.2 9.91 30.5 6.47789 6.457 0.0985719
47.2 9.91 32.5 7.54196 7.3667 0.0985719
47.2 9.91 34.5 8.68672 8.3293 0.0985719
47.2 9.91 36.5 9.91216 9.3458 0.0985719
47.2 9.91 38.5 11.2183 10.4169 0.0985719
47.2 9.91 40.5 12.6051 11.5431 0.0985719
47.2 9.91 42.5 14.0726 12.7224 0.0985719
47.2 9.91 44.5 15.6209 13.9491 0.0985719
47.2 9.91 46.5 17.2498 15.2181 0.0985719
47.2 9.91 48.5 18.9594 16.5221 0.0985719
*******TSD2********
47.2 9.91 13.5 0.720113 1.3394 0.0985719
47.2 9.91 15.5 1.0673 1.7467 0.0985719
47.2 9.91 17.5 1.49498 2.2184 0.0985719
47.2 9.91 19.5 2.00321 2.7527 0.0985719
47.2 9.91 21.5 2.59199 3.3484 0.0985719
47.2 9.91 23.5 3.26136 4.003 0.0985719
47.2 9.91 25.5 4.01134 4.7143 0.0985719
47.2 9.91 27.5 4.84194 5.4805 0.0985719
47.2 9.91 29.5 5.75318 6.3004 0.0985719
47.2 9.91 31.5 6.74506 7.1733 0.0985719
47.2 9.91 33.5 7.8176 8.0998 0.0985719
47.2 9.91 35.5 8.97081 9.08 0.0985719
47.2 9.91 37.5 10.2047 10.1147 0.0985719
47.2 9.91 39.5 11.5193 11.2036 0.0985719
47.2 9.91 41.5 12.9145 12.3466 0.0985719
47.2 9.91 43.5 14.3905 13.5441 0.0985719
47.2 9.91 45.5 15.9471 14.7911 0.0985719
*******TSD3********
47.2 9.91 16.5 1.26534 2.1237 0.0985719
47.2 9.91 18.5 1.7019 2.6293 0.0985719
47.2 9.91 20.5 2.2189 3.1973 0.0985719
47.2 9.91 22.5 2.81639 3.8243 0.0985719
47.2 9.91 24.5 3.4944 4.5094 0.0985719
47.2 9.91 26.5 4.25296 5.2506 0.0985719
47.2 9.91 28.5 5.09211 6.0465 0.0985719
47.2 9.91 30.5 6.01186 6.8963 0.0985719
47.2 9.91 32.5 7.01223 7.7988 0.0985719
47.2 9.91 34.5 8.09324 8.7546 0.0985719
47.2 9.91 36.5 9.25491 9.7638 0.0985719
47.2 9.91 38.5 10.4972 10.8268 0.0985719
47.2 9.91 40.5 11.8202 11.9392 0.0985719
47.2 9.91 42.5 13.2239 13.0861 0.0985719
*******TSD4********
47.2 9.91 23.5 3.66926 4.58 0.0985719
47.2 9.91 25.5 4.43873 5.2251 0.0985719
47.2 9.91 27.5 5.28873 5.9273 0.0985719
47.2 9.91 29.5 6.21928 6.6819 0.0985719
47.2 9.91 31.5 7.23041 7.4919 0.0985719
47.2 9.91 33.5 8.32215 8.3573 0.0985719
47.2 9.91 35.5 9.49451 9.2778 0.0985719
47.2 9.91 37.5 10.7475 10.2535 0.0985719
47.2 9.91 39.5 12.0812 11.2851 0.0985719
47.2 9.91 41.5 13.4955 12.3701 0.0985719
******************************
              e=              -1.67
*******TSD1********
47.1 9.91 8.5 0.0966534 0.1966 0.0995776
47.1 9.91 10.5 0.274039 0.4597 0.0995776
47.1 9.91 12.5 0.53218 0.7746 0.0995776
47.1 9.91 14.5 0.871094 1.1609 0.0995776
47.1 9.91 16.5 1.2908 1.6112 0.0995776
47.1 9.91 18.5 1.7913 2.1265 0.0995776
47.1 9.91 20.5 2.37261 2.7051 0.0995776
47.1 9.91 22.5 3.03475 3.3441 0.0995776
47.1 9.91 24.5 3.77771 4.0411 0.0995776
47.1 9.91 26.5 4.60151 4.7937 0.0995776
47.1 9.91 28.5 5.50614 5.5992 0.0995776
47.1 9.91 30.5 6.49163 6.457 0.0995776
47.1 9.91 32.5 7.55796 7.3667 0.0995776
47.1 9.91 34.5 8.70514 8.3293 0.0995776
47.1 9.91 36.5 9.93319 9.3458 0.0995776
47.1 9.91 38.5 11.2421 10.4169 0.0995776
47.1 9.91 40.5 12.6319 11.5431 0.0995776
47.1 9.91 42.5 14.1025 12.7224 0.0995776
47.1 9.91 44.5 15.654 13.9491 0.0995776
47.1 9.91 46.5 17.2864 15.2181 0.0995776
47.1 9.91 48.5 18.9996 16.5221 0.0995776
*******TSD2********
47.1 9.91 13.5 0.721611 1.3394 0.0995776
47.1 9.91 15.5 1.06953 1.7467 0.0995776
47.1 9.91 17.5 1.49812 2.2184 0.0995776
47.1 9.91 19.5 2.00741 2.7527 0.0995776
47.1 9.91 21.5 2.59744 3.3484 0.0995776
47.1 9.91 23.5 3.26823 4.003 0.0995776
47.1 9.91 25.5 4.01979 4.7143 0.0995776
47.1 9.91 27.5 4.85215 5.4805 0.0995776
47.1 9.91 29.5 5.76532 6.3004 0.0995776
47.1 9.91 31.5 6.7593 7.1733 0.0995776
47.1 9.91 33.5 7.83412 8.0998 0.0995776
47.1 9.91 35.5 8.98977 9.08 0.0995776
47.1 9.91 37.5 10.2263 10.1147 0.0995776
47.1 9.91 39.5 11.5436 11.2036 0.0995776
47.1 9.91 41.5 12.9419 12.3466 0.0995776
47.1 9.91 43.5 14.4209 13.5441 0.0995776
47.1 9.91 45.5 15.9809 14.7911 0.0995776
*******TSD3********
47.1 9.91 16.5 1.26796 2.1237 0.0995776
47.1 9.91 18.5 1.70544 2.6293 0.0995776
47.1 9.91 20.5 2.22352 3.1973 0.0995776
47.1 9.91 22.5 2.82227 3.8243 0.0995776
47.1 9.91 24.5 3.50171 4.5094 0.0995776
47.1 9.91 26.5 4.26188 5.2506 0.0995776
47.1 9.91 28.5 5.1028 6.0465 0.0995776
47.1 9.91 30.5 6.02449 6.8963 0.0995776
47.1 9.91 32.5 7.02698 7.7988 0.0995776
47.1 9.91 34.5 8.11028 8.7546 0.0995776
47.1 9.91 36.5 9.2744 9.7638 0.0995776
47.1 9.91 38.5 10.5194 10.8268 0.0995776
47.1 9.91 40.5 11.8452 11.9392 0.0995776
47.1 9.91 42.5 13.2518 13.0861 0.0995776
*******TSD4********
47.1 9.91 23.5 3.5931 4.58 0.0995776
47.1 9.91 25.5 4.3642 5.2251 0.0995776
47.1 9.91 27.5 5.21599 5.9273 0.0995776
47.1 9.91 29.5 6.14851 6.6819 0.0995776
47.1 9.91 31.5 7.16178 7.4919 0.0995776
47.1 9.91 33.5 8.25583 8.3573 0.0995776
47.1 9.91 35.5 9.43067 9.2778 0.0995776
47.1 9.91 37.5 10.6863 10.2535 0.0995776
47.1 9.91 39.5 12.0228 11.2851 0.0995776
47.1 9.91 41.5 13.4401 12.3701 0.0995776
******************************
              e=              -1.7535
*******TSD1********
47 9.91 8.5 0.0968583 0.1966 0.100842
47 9.91 10.5 0.274621 0.4597 0.100842
47 9.91 12.5 0.53331 0.7746 0.100842
47 9.91 14.5 0.872944 1.1609 0.100842
47 9.91 16.5 1.29354 1.6112 0.100842
47 9.91 18.5 1.7951 2.1265 0.100842
47 9.91 20.5 2.37765 2.7051 0.100842
47 9.91 22.5 3.0412 3.3441 0.100842
47 9.91 24.5 3.78574 4.0411 0.100842
47 9.91 26.5 4.61128 4.7937 0.100842
47 9.91 28.5 5.51784 5.5992 0.100842
47 9.91 30.5 6.50542 6.457 0.100842
47 9.91 32.5 7.57402 7.3667 0.100842
47 9.91 34.5 8.72365 8.3293 0.100842
47 9.91 36.5 9.9543 9.3458 0.100842
47 9.91 38.5 11.266 10.4169 0.100842
47 9.91 40.5 12.6587 11.5431 0.100842
47 9.91 42.5 14.1325 12.7224 0.100842
47 9.91 44.5 15.6873 13.9491 0.100842
47 9.91 46.5 17.3231 15.2181 0.100842
47 9.91 48.5 19.04 16.5221 0.100842
*******TSD2********
47 9.91 13.5 0.723116 1.3394 0.100842
47 9.91 15.5 1.07177 1.7467 0.100842
47 9.91 17.5 1.50126 2.2184 0.100842
47 9.91 19.5 2.01164 2.7527 0.100842
47 9.91 21.5 2.60292 3.3484 0.100842
47 9.91 23.5 3.27513 4.003 0.100842
47 9.91 25.5 4.02828 4.7143 0.100842
47 9.91 27.5 4.86241 5.4805 0.100842
47 9.91 29.5 5.77751 6.3004 0.100842
47 9.91 31.5 6.77361 7.1733 0.100842
47 9.91 33.5 7.8507 8.0998 0.100842
47 9.91 35.5 9.00881 9.08 0.100842
47 9.91 37.5 10.2479 10.1147 0.100842
47 9.91 39.5 11.5681 11.2036 0.100842
47 9.91 41.5 12.9693 12.3466 0.100842
47 9.91 43.5 14.4515 13.5441 0.100842
47 9.91 45.5 16.0148 14.7911 0.100842
*******TSD3********
47 9.91 16.5 1.27059 2.1237 0.100842
47 9.91 18.5 1.70899 2.6293 0.100842
47 9.91 20.5 2.22817 3.1973 0.100842
47 9.91 22.5 2.82818 3.8243 0.100842
47 9.91 24.5 3.50906 4.5094 0.100842
47 9.91 26.5 4.27083 5.2506 0.100842
47 9.91 28.5 5.11353 6.0465 0.100842
47 9.91 30.5 6.03718 6.8963 0.100842
47 9.91 32.5 7.04179 7.7988 0.100842
47 9.91 34.5 8.12739 8.7546 0.100842
47 9.91 36.5 9.29398 9.7638 0.100842
47 9.91 38.5 10.5416 10.8268 0.100842
47 9.91 40.5 11.8702 11.9392 0.100842
47 9.91 42.5 13.2799 13.0861 0.100842
*******TSD4********
47 9.91 23.5 3.51697 4.58 0.100842
47 9.91 25.5 4.2897 5.2251 0.100842
47 9.91 27.5 5.1433 5.9273 0.100842
47 9.91 29.5 6.0778 6.6819 0.100842
47 9.91 31.5 7.09322 7.4919 0.100842
47 9.91 33.5 8.18958 8.3573 0.100842
47 9.91 35.5 9.36692 9.2778 0.100842
47 9.91 37.5 10.6252 10.2535 0.100842
47 9.91 39.5 11.9645 11.2851 0.100842
47 9.91 41.5 13.3849 12.3701 0.100842
******************************
              e=              -1.837
*******TSD1********
46.9 9.91 8.5 0.0970641 0.1966 0.102366
46.9 9.91 10.5 0.275205 0.4597 0.102366
46.9 9.91 12.5 0.534444 0.7746 0.102366
46.9 9.91 14.5 0.874801 1.1609 0.102366
46.9 9.91 16.5 1.29629 1.6112 0.102366
46.9 9.91 18.5 1.79893 2.1265 0.102366
46.9 9.91 20.5 2.38272 2.7051 0.102366
46.9 9.91 22.5 3.04767 3.3441 0.102366
46.9 9.91 24.5 3.7938 4.0411 0.102366
46.9 9.91 26.5 4.6211 4.7937 0.102366
46.9 9.91 28.5 5.5296 5.5992 0.102366
46.9 9.91 30.5 6.51928 6.457 0.102366
46.9 9.91 32.5 7.59015 7.3667 0.102366
46.9 9.91 34.5 8.74223 8.3293 0.102366
46.9 9.91 36.5 9.9755 9.3458 0.102366
46.9 9.91 38.5 11.29 10.4169 0.102366
46.9 9.91 40.5 12.6857 11.5431 0.102366
46.9 9.91 42.5 14.1626 12.7224 0.102366
46.9 9.91 44.5 15.7207 13.9491 0.102366
46.9 9.91 46.5 17.36 15.2181 0.102366
46.9 9.91 48.5 19.0806 16.5221 0.102366
*******TSD2********
46.9 9.91 13.5 0.724627 1.3394 0.102366
46.9 9.91 15.5 1.07402 1.7467 0.102366
46.9 9.91 17.5 1.50442 2.2184 0.102366
46.9 9.91 19.5 2.01588 2.7527 0.102366
46.9 9.91 21.5 2.60841 3.3484 0.102366
46.9 9.91 23.5 3.28205 4.003 0.102366
46.9 9.91 25.5 4.03681 4.7143 0.102366
46.9 9.91 27.5 4.87271 5.4805 0.102366
46.9 9.91 29.5 5.78976 6.3004 0.102366
46.9 9.91 31.5 6.78797 7.1733 0.102366
46.9 9.91 33.5 7.86736 8.0998 0.102366
46.9 9.91 35.5 9.02793 9.08 0.102366
46.9 9.91 37.5 10.2697 10.1147 0.102366
46.9 9.91 39.5 11.5927 11.2036 0.102366
46.9 9.91 41.5 12.9968 12.3466 0.102366
46.9 9.91 43.5 14.4822 13.5441 0.102366
46.9 9.91 45.5 16.0488 14.7911 0.102366
*******TSD3********
46.9 9.91 16.5 1.27323 2.1237 0.102366
46.9 9.91 18.5 1.71255 2.6293 0.102366
46.9 9.91 20.5 2.23283 3.1973 0.102366
46.9 9.91 22.5 2.83411 3.8243 0.102366
46.9 9.91 24.5 3.51643 4.5094 0.102366
46.9 9.91 26.5 4.27982 5.2506 0.102366
46.9 9.91 28.5 5.12431 6.0465 0.102366
46.9 9.91 30.5 6.04992 6.8963 0.102366
46.9 9.91 32.5 7.05666 7.7988 0.102366
46.9 9.91 34.5 8.14457 8.7546 0.102366
46.9 9.91 36.5 9.31364 9.7638 0.102366
46.9 9.91 38.5 10.5639 10.8268 0.102366
46.9 9.91 40.5 11.8953 11.9392 0.102366
46.9 9.91 42.5 13.308 13.0861 0.102366
*******TSD4********
46.9 9.91 23.5 3.44087 4.58 0.102366
46.9 9.91 25.5 4.21525 5.2251 0.102366
46.9 9.91 27.5 5.07066 5.9273 0.102366
46.9 9.91 29.5 6.00714 6.6819 0.102366
46.9 9.91 31.5 7.02471 7.4919 0.102366
46.9 9.91 33.5 8.12341 8.3573 0.102366
46.9 9.91 35.5 9.30324 9.2778 0.102366
46.9 9.91 37.5 10.5642 10.2535 0.102366
46.9 9.91 39.5 11.9064 11.2851 0.102366
46.9 9.91 41.5 13.3297 12.3701 0.102366
******************************
              e=              -1.9205
*******TSD1********
46.8 9.91 8.5 0.0972707 0.1966 0.10415
46.8 9.91 10.5 0.275791 0.4597 0.10415
46.8 9.91 12.5 0.535584 0.7746 0.10415
46.8 9.91 14.5 0.876667 1.1609 0.10415
46.8 9.91 16.5 1.29906 1.6112 0.10415
46.8 9.91 18.5 1.80276 2.1265 0.10415
46.8 9.91 20.5 2.3878 2.7051 0.10415
46.8 9.91 22.5 3.05417 3.3441 0.10415
46.8 9.91 24.5 3.80189 4.0411 0.10415
46.8 9.91 26.5 4.63097 4.7937 0.10415
46.8 9.91 28.5 5.5414 5.5992 0.10415
46.8 9.91 30.5 6.53319 6.457 0.10415
46.8 9.91 32.5 7.60635 7.3667 0.10415
46.8 9.91 34.5 8.76089 8.3293 0.10415
46.8 9.91 36.5 9.9968 9.3458 0.10415
46.8 9.91 38.5 11.3141 10.4169 0.10415
46.8 9.91 40.5 12.7128 11.5431 0.10415
46.8 9.91 42.5 14.1928 12.7224 0.10415
46.8 9.91 44.5 15.7543 13.9491 0.10415
46.8 9.91 46.5 17.3971 15.2181 0.10415
46.8 9.91 48.5 19.1213 16.5221 0.10415
*******TSD2********
46.8 9.91 13.5 0.726144 1.3394 0.10415
46.8 9.91 15.5 1.07627 1.7467 0.10415
46.8 9.91 17.5 1.50759 2.2184 0.10415
46.8 9.91 19.5 2.02014 2.7527 0.10415
46.8 9.91 21.5 2.61393 3.3484 0.10415
46.8 9.91 23.5 3.28901 4.003 0.10415
46.8 9.91 25.5 4.04537 4.7143 0.10415
46.8 9.91 27.5 4.88305 5.4805 0.10415
46.8 9.91 29.5 5.80205 6.3004 0.10415
46.8 9.91 31.5 6.8024 7.1733 0.10415
46.8 9.91 33.5 7.88409 8.0998 0.10415
46.8 9.91 35.5 9.04713 9.08 0.10415
46.8 9.91 37.5 10.2915 10.1147 0.10415
46.8 9.91 39.5 11.6173 11.2036 0.10415
46.8 9.91 41.5 13.0245 12.3466 0.10415
46.8 9.91 43.5 14.5131 13.5441 0.10415
46.8 9.91 45.5 16.083 14.7911 0.10415
*******TSD3********
46.8 9.91 16.5 1.27588 2.1237 0.10415
46.8 9.91 18.5 1.71613 2.6293 0.10415
46.8 9.91 20.5 2.23751 3.1973 0.10415
46.8 9.91 22.5 2.84007 3.8243 0.10415
46.8 9.91 24.5 3.52384 4.5094 0.10415
46.8 9.91 26.5 4.28885 5.2506 0.10415
46.8 9.91 28.5 5.13513 6.0465 0.10415
46.8 9.91 30.5 6.06271 6.8963 0.10415
46.8 9.91 32.5 7.0716 7.7988 0.10415
46.8 9.91 34.5 8.16182 8.7546 0.10415
46.8 9.91 36.5 9.33338 9.7638 0.10415
46.8 9.91 38.5 10.5863 10.8268 0.10415
46.8 9.91 40.5 11.9206 11.9392 0.10415
46.8 9.91 42.5 13.3362 13.0861 0.10415
*******TSD4********
46.8 9.91 23.5 3.36481 4.58 0.10415
46.8 9.91 25.5 4.14083 5.2251 0.10415
46.8 9.91 27.5 4.99806 5.9273 0.10415
46.8 9.91 29.5 5.93653 6.6819 0.10415
46.8 9.91 31.5 6.95627 7.4919 0.10415
46.8 9.91 33.5 8.05731 8.3573 0.10415
46.8 9.91 35.5 9.23966 9.2778 0.10415
46.8 9.91 37.5 10.5033 10.2535 0.10415
46.8 9.91 39.5 11.8484 11.2851 0.10415
46.8 9.91 41.5 13.2747 12.3701 0.10415
******************************
              e=              -2.004
*******TSD1********
46.7 9.91 8.5 0.0974782 0.1966 0.106193
46.7 9.91 10.5 0.27638 0.4597 0.106193
46.7 9.91 12.5 0.536728 0.7746 0.106193
46.7 9.91 14.5 0.87854 1.1609 0.106193
46.7 9.91 16.5 1.30183 1.6112 0.106193
46.7 9.91 18.5 1.80662 2.1265 0.106193
46.7 9.91 20.5 2.3929 2.7051 0.106193
46.7 9.91 22.5 3.0607 3.3441 0.106193
46.7 9.91 24.5 3.81002 4.0411 0.106193
46.7 9.91 26.5 4.64087 4.7937 0.106193
46.7 9.91 28.5 5.55325 5.5992 0.106193
46.7 9.91 30.5 6.54716 6.457 0.106193
46.7 9.91 32.5 7.62262 7.3667 0.106193
46.7 9.91 34.5 8.77963 8.3293 0.106193
46.7 9.91 36.5 10.0182 9.3458 0.106193
46.7 9.91 38.5 11.3383 10.4169 0.106193
46.7 9.91 40.5 12.74 11.5431 0.106193
46.7 9.91 42.5 14.2232 12.7224 0.106193
46.7 9.91 44.5 15.788 13.9491 0.106193
46.7 9.91 46.5 17.4343 15.2181 0.106193
46.7 9.91 48.5 19.1622 16.5221 0.106193
*******TSD2********
46.7 9.91 13.5 0.727668 1.3394 0.106193
46.7 9.91 15.5 1.07854 1.7467 0.106193
46.7 9.91 17.5 1.51078 2.2184 0.106193
46.7 9.91 19.5 2.02442 2.7527 0.106193
46.7 9.91 21.5 2.61948 3.3484 0.106193
46.7 9.91 23.5 3.29599 4.003 0.106193
46.7 9.91 25.5 4.05397 4.7143 0.106193
46.7 9.91 27.5 4.89344 5.4805 0.106193
46.7 9.91 29.5 5.8144 6.3004 0.106193
46.7 9.91 31.5 6.81688 7.1733 0.106193
46.7 9.91 33.5 7.90088 8.0998 0.106193
46.7 9.91 35.5 9.06642 9.08 0.106193
46.7 9.91 37.5 10.3135 10.1147 0.106193
46.7 9.91 39.5 11.6421 11.2036 0.106193
46.7 9.91 41.5 13.0523 12.3466 0.106193
46.7 9.91 43.5 14.544 13.5441 0.106193
46.7 9.91 45.5 16.1173 14.7911 0.106193
*******TSD3********
46.7 9.91 16.5 1.27854 2.1237 0.106193
46.7 9.91 18.5 1.71973 2.6293 0.106193
46.7 9.91 20.5 2.24222 3.1973 0.106193
46.7 9.91 22.5 2.84605 3.8243 0.106193
46.7 9.91 24.5 3.53128 4.5094 0.106193
46.7 9.91 26.5 4.29792 5.2506 0.106193
46.7 9.91 28.5 5.14601 6.0465 0.106193
46.7 9.91 30.5 6.07556 6.8963 0.106193
46.7 9.91 32.5 7.0866 7.7988 0.106193
46.7 9.91 34.5 8.17914 8.7546 0.106193
46.7 9.91 36.5 9.35321 9.7638 0.106193
46.7 9.91 38.5 10.6088 10.8268 0.106193
46.7 9.91 40.5 11.9459 11.9392 0.106193
46.7 9.91 42.5 13.3646 13.0861 0.106193
*******TSD4********
46.7 9.91 23.5 3.28877 4.58 0.106193
46.7 9.91 25.5 4.06645 5.2251 0.106193
46.7 9.91 27.5 4.9255 5.9273 0.106193
46.7 9.91 29.5 5.86598 6.6819 0.106193
46.7 9.91 31.5 6.8879 7.4919 0.106193
46.7 9.91 33.5 7.99128 8.3573 0.106193
46.7 9.91 35.5 9.17616 9.2778 0.106193
46.7 9.91 37.5 10.4425 10.2535 0.106193
46.7 9.91 39.5 11.7904 11.2851 0.106193
46.7 9.91 41.5 13.2199 12.3701 0.106193
******************************
              e=              -2.0875
*******TSD1********
46.6 9.91 8.5 0.0976867 0.1966 0.108495
46.6 9.91 10.5 0.276971 0.4597 0.108495
46.6 9.91 12.5 0.537877 0.7746 0.108495
46.6 9.91 14.5 0.880422 1.1609 0.108495
46.6 9.91 16.5 1.30462 1.6112 0.108495
46.6 9.91 18.5 1.81049 2.1265 0.108495
46.6 9.91 20.5 2.39803 2.7051 0.108495
46.6 9.91 22.5 3.06726 3.3441 0.108495
46.6 9.91 24.5 3.81819 4.0411 0.108495
46.6 9.91 26.5 4.65082 4.7937 0.108495
46.6 9.91 28.5 5.56515 5.5992 0.108495
46.6 9.91 30.5 6.5612 6.457 0.108495
46.6 9.91 32.5 7.63896 7.3667 0.108495
46.6 9.91 34.5 8.79845 8.3293 0.108495
46.6 9.91 36.5 10.0397 9.3458 0.108495
46.6 9.91 38.5 11.3626 10.4169 0.108495
46.6 9.91 40.5 12.7673 11.5431 0.108495
46.6 9.91 42.5 14.2537 12.7224 0.108495
46.6 9.91 44.5 15.8218 13.9491 0.108495
46.6 9.91 46.5 17.4717 15.2181 0.108495
46.6 9.91 48.5 19.2033 16.5221 0.108495
*******TSD2********
46.6 9.91 13.5 0.729198 1.3394 0.108495
46.6 9.91 15.5 1.08082 1.7467 0.108495
46.6 9.91 17.5 1.51398 2.2184 0.108495
46.6 9.91 19.5 2.02871 2.7527 0.108495
46.6 9.91 21.5 2.62505 3.3484 0.108495
46.6 9.91 23.5 3.303 4.003 0.108495
46.6 9.91 25.5 4.06261 4.7143 0.108495
46.6 9.91 27.5 4.90387 5.4805 0.108495
46.6 9.91 29.5 5.82681 6.3004 0.108495
46.6 9.91 31.5 6.83143 7.1733 0.108495
46.6 9.91 33.5 7.91775 8.0998 0.108495
46.6 9.91 35.5 9.08578 9.08 0.108495
46.6 9.91 37.5 10.3355 10.1147 0.108495
46.6 9.91 39.5 11.667 11.2036 0.108495
46.6 9.91 41.5 13.0802 12.3466 0.108495
46.6 9.91 43.5 14.5751 13.5441 0.108495
46.6 9.91 45.5 16.1518 14.7911 0.108495
*******TSD3********
46.6 9.91 16.5 1.28122 2.1237 0.108495
46.6 9.91 18.5 1.72334 2.6293 0.108495
46.6 9.91 20.5 2.24694 3.1973 0.108495
46.6 9.91 22.5 2.85206 3.8243 0.108495
46.6 9.91 24.5 3.53875 4.5094 0.108495
46.6 9.91 26.5 4.30702 5.2506 0.108495
46.6 9.91 28.5 5.15692 6.0465 0.108495
46.6 9.91 30.5 6.08846 6.8963 0.108495
46.6 9.91 32.5 7.10166 7.7988 0.108495
46.6 9.91 34.5 8.19654 8.7546 0.108495
46.6 9.91 36.5 9.37312 9.7638 0.108495
46.6 9.91 38.5 10.6314 10.8268 0.108495
46.6 9.91 40.5 11.9714 11.9392 0.108495
46.6 9.91 42.5 13.3931 13.0861 0.108495
*******TSD4********
46.6 9.91 23.5 3.21277 4.58 0.108495
46.6 9.91 25.5 3.9921 5.2251 0.108495
46.6 9.91 27.5 4.853 5.9273 0.108495
46.6 9.91 29.5 5.79548 6.6819 0.108495
46.6 9.91 31.5 6.81958 7.4919 0.108495
46.6 9.91 33.5 7.92533 8.3573 0.108495
46.6 9.91 35.5 9.11274 9.2778 0.108495
46.6 9.91 37.5 10.3818 10.2535 0.108495
46.6 9.91 39.5 11.7326 11.2851 0.108495
46.6 9.91 41.5 13.1651 12.3701 0.108495
******************************
              e=              -2.171
*******TSD1********
46.6 9.91 8.5 0.0976867 0.1966 0.111048
46.6 9.91 10.5 0.276971 0.4597 0.111048
46.6 9.91 12.5 0.537877 0.7746 0.111048
46.6 9.91 14.5 0.880422 1.1609 0.111048
46.6 9.91 16.5 1.30462 1.6112 0.111048
46.6 9.91 18.5 1.81049 2.1265 0.111048
46.6 9.91 20.5 2.39803 2.7051 0.111048
46.6 9.91 22.5 3.06726 3.3441 0.111048
46.6 9.91 24.5 3.81819 4.0411 0.111048
46.6 9.91 26.5 4.65082 4.7937 0.111048
46.6 9.91 28.5 5.56515 5.5992 0.111048
46.6 9.91 30.5 6.5612 6.457 0.111048
46.6 9.91 32.5 7.63896 7.3667 0.111048
46.6 9.91 34.5 8.79845 8.3293 0.111048
46.6 9.91 36.5 10.0397 9.3458 0.111048
46.6 9.91 38.5 11.3626 10.4169 0.111048
46.6 9.91 40.5 12.7673 11.5431 0.111048
46.6 9.91 42.5 14.2537 12.7224 0.111048
46.6 9.91 44.5 15.8218 13.9491 0.111048
46.6 9.91 46.5 17.4717 15.2181 0.111048
46.6 9.91 48.5 19.2033 16.5221 0.111048
*******TSD2********
46.6 9.91 13.5 0.729198 1.3394 0.111048
46.6 9.91 15.5 1.08082 1.7467 0.111048
46.6 9.91 17.5 1.51398 2.2184 0.111048
46.6 9.91 19.5 2.02871 2.7527 0.111048
46.6 9.91 21.5 2.62505 3.3484 0.111048
46.6 9.91 23.5 3.303 4.003 0.111048
46.6 9.91 25.5 4.06261 4.7143 0.111048
46.6 9.91 27.5 4.90387 5.4805 0.111048
46.6 9.91 29.5 5.82681 6.3004 0.111048
46.6 9.91 31.5 6.83143 7.1733 0.111048
46.6 9.91 33.5 7.91775 8.0998 0.111048
46.6 9.91 35.5 9.08578 9.08 0.111048
46.6 9.91 37.5 10.3355 10.1147 0.111048
46.6 9.91 39.5 11.667 11.2036 0.111048
46.6 9.91 41.5 13.0802 12.3466 0.111048
46.6 9.91 43.5 14.5751 13.5441 0.111048
46.6 9.91 45.5 16.1518 14.7911 0.111048
*******TSD3********
46.6 9.91 16.5 1.28122 2.1237 0.111048
46.6 9.91 18.5 1.72334 2.6293 0.111048
46.6 9.91 20.5 2.24694 3.1973 0.111048
46.6 9.91 22.5 2.85206 3.8243 0.111048
46.6 9.91 24.5 3.53875 4.5094 0.111048
46.6 9.91 26.5 4.30702 5.2506 0.111048
46.6 9.91 28.5 5.15692 6.0465 0.111048
46.6 9.91 30.5 6.08846 6.8963 0.111048
46.6 9.91 32.5 7.10166 7.7988 0.111048
46.6 9.91 34.5 8.19654 8.7546 0.111048
46.6 9.91 36.5 9.37312 9.7638 0.111048
46.6 9.91 38.5 10.6314 10.8268 0.111048
46.6 9.91 40.5 11.9714 11.9392 0.111048
46.6 9.91 42.5 13.3931 13.0861 0.111048
*******TSD4********
46.6 9.91 23.5 3.12927 4.58 0.111048
46.6 9.91 25.5 3.9086 5.2251 0.111048
46.6 9.91 27.5 4.7695 5.9273 0.111048
46.6 9.91 29.5 5.71198 6.6819 0.111048
46.6 9.91 31.5 6.73608 7.4919 0.111048
46.6 9.91 33.5 7.84183 8.3573 0.111048
46.6 9.91 35.5 9.02924 9.2778 0.111048
46.6 9.91 37.5 10.2983 10.2535 0.111048
46.6 9.91 39.5 11.6491 11.2851 0.111048
46.6 9.91 41.5 13.0816 12.3701 0.111048
******************************
              e=              -2.2545
*******TSD1********
46.5 9.91 8.5 0.097896 0.1966 0.11386
46.5 9.91 10.5 0.277565 0.4597 0.11386
46.5 9.91 12.5 0.539031 0.7746 0.11386
46.5 9.91 14.5 0.882311 1.1609 0.11386
46.5 9.91 16.5 1.30742 1.6112 0.11386
46.5 9.91 18.5 1.81437 2.1265 0.11386
46.5 9.91 20.5 2.40318 2.7051 0.11386
46.5 9.91 22.5 3.07385 3.3441 0.11386
46.5 9.91 24.5 3.82639 4.0411 0.11386
46.5 9.91 26.5 4.6608 4.7937 0.11386
46.5 9.91 28.5 5.5771 5.5992 0.11386
46.5 9.91 30.5 6.57529 6.457 0.11386
46.5 9.91 32.5 7.65537 7.3667 0.11386
46.5 9.91 34.5 8.81735 8.3293 0.11386
46.5 9.91 36.5 10.0612 9.3458 0.11386
46.5 9.91 38.5 11.387 10.4169 0.11386
46.5 9.91 40.5 12.7947 11.5431 0.11386
46.5 9.91 42.5 14.2843 12.7224 0.11386
46.5 9.91 44.5 15.8558 13.9491 0.11386
46.5 9.91 46.5 17.5092 15.2181 0.11386
46.5 9.91 48.5 19.2446 16.5221 0.11386
*******TSD2********
46.5 9.91 13.5 0.730734 1.3394 0.11386
46.5 9.91 15.5 1.08311 1.7467 0.11386
46.5 9.91 17.5 1.51719 2.2184 0.11386
46.5 9.91 19.5 2.03303 2.7527 0.11386
46.5 9.91 21.5 2.63064 3.3484 0.11386
46.5 9.91 23.5 3.31005 4.003 0.11386
46.5 9.91 25.5 4.07128 4.7143 0.11386
46.5 9.91 27.5 4.91435 5.4805 0.11386
46.5 9.91 29.5 5.83926 6.3004 0.11386
46.5 9.91 31.5 6.84604 7.1733 0.11386
46.5 9.91 33.5 7.9347 8.0998 0.11386
46.5 9.91 35.5 9.10523 9.08 0.11386
46.5 9.91 37.5 10.3577 10.1147 0.11386
46.5 9.91 39.5 11.692 11.2036 0.11386
46.5 9.91 41.5 13.1082 12.3466 0.11386
46.5 9.91 43.5 14.6064 13.5441 0.11386
46.5 9.91 45.5 16.1864 14.7911 0.11386
*******TSD3********
46.5 9.91 16.5 1.2839 2.1237 0.11386
46.5 9.91 18.5 1.72697 2.6293 0.11386
46.5 9.91 20.5 2.25168 3.1973 0.11386
46.5 9.91 22.5 2.8581 3.8243 0.11386
46.5 9.91 24.5 3.54625 4.5094 0.11386
46.5 9.91 26.5 4.31617 5.2506 0.11386
46.5 9.91 28.5 5.16789 6.0465 0.11386
46.5 9.91 30.5 6.10142 6.8963 0.11386
46.5 9.91 32.5 7.11679 7.7988 0.11386
46.5 9.91 34.5 8.21402 8.7546 0.11386
46.5 9.91 36.5 9.39311 9.7638 0.11386
46.5 9.91 38.5 10.6541 10.8268 0.11386
46.5 9.91 40.5 11.997 11.9392 0.11386
46.5 9.91 42.5 13.4217 13.0861 0.11386
*******TSD4********
46.5 9.91 23.5 3.0533 4.58 0.11386
46.5 9.91 25.5 3.8343 5.2251 0.11386
46.5 9.91 27.5 4.69704 5.9273 0.11386
46.5 9.91 29.5 5.64154 6.6819 0.11386
46.5 9.91 31.5 6.66784 7.4919 0.11386
46.5 9.91 33.5 7.77596 8.3573 0.11386
46.5 9.91 35.5 8.96591 9.2778 0.11386
46.5 9.91 37.5 10.2377 10.2535 0.11386
46.5 9.91 39.5 11.5914 11.2851 0.11386
46.5 9.91 41.5 13.027 12.3701 0.11386
******************************
              e=              -2.338
*******TSD1********
46.4 9.91 8.5 0.0981062 0.1966 0.116931
46.4 9.91 10.5 0.278162 0.4597 0.116931
46.4 9.91 12.5 0.54019 0.7746 0.116931
46.4 9.91 14.5 0.884209 1.1609 0.116931
46.4 9.91 16.5 1.31023 1.6112 0.116931
46.4 9.91 18.5 1.81828 2.1265 0.116931
46.4 9.91 20.5 2.40835 2.7051 0.116931
46.4 9.91 22.5 3.08046 3.3441 0.116931
46.4 9.91 24.5 3.83462 4.0411 0.116931
46.4 9.91 26.5 4.67084 4.7937 0.116931
46.4 9.91 28.5 5.58911 5.5992 0.116931
46.4 9.91 30.5 6.58945 6.457 0.116931
46.4 9.91 32.5 7.67185 7.3667 0.116931
46.4 9.91 34.5 8.83633 8.3293 0.116931
46.4 9.91 36.5 10.0829 9.3458 0.116931
46.4 9.91 38.5 11.4115 10.4169 0.116931
46.4 9.91 40.5 12.8222 11.5431 0.116931
46.4 9.91 42.5 14.3151 12.7224 0.116931
46.4 9.91 44.5 15.8899 13.9491 0.116931
46.4 9.91 46.5 17.5469 15.2181 0.116931
46.4 9.91 48.5 19.286 16.5221 0.116931
*******TSD2********
46.4 9.91 13.5 0.732277 1.3394 0.116931
46.4 9.91 15.5 1.0854 1.7467 0.116931
46.4 9.91 17.5 1.52042 2.2184 0.116931
46.4 9.91 19.5 2.03736 2.7527 0.116931
46.4 9.91 21.5 2.63625 3.3484 0.116931
46.4 9.91 23.5 3.31712 4.003 0.116931
46.4 9.91 25.5 4.07999 4.7143 0.116931
46.4 9.91 27.5 4.92487 5.4805 0.116931
46.4 9.91 29.5 5.85177 6.3004 0.116931
46.4 9.91 31.5 6.86072 7.1733 0.116931
46.4 9.91 33.5 7.95171 8.0998 0.116931
46.4 9.91 35.5 9.12476 9.08 0.116931
46.4 9.91 37.5 10.3799 10.1147 0.116931
46.4 9.91 39.5 11.7171 11.2036 0.116931
46.4 9.91 41.5 13.1364 12.3466 0.116931
46.4 9.91 43.5 14.6377 13.5441 0.116931
46.4 9.91 45.5 16.2212 14.7911 0.116931
*******TSD3********
46.4 9.91 16.5 1.2866 2.1237 0.116931
46.4 9.91 18.5 1.73061 2.6293 0.116931
46.4 9.91 20.5 2.25644 3.1973 0.116931
46.4 9.91 22.5 2.86416 3.8243 0.116931
46.4 9.91 24.5 3.55378 4.5094 0.116931
46.4 9.91 26.5 4.32535 5.2506 0.116931
46.4 9.91 28.5 5.1789 6.0465 0.116931
46.4 9.91 30.5 6.11443 6.8963 0.116931
46.4 9.91 32.5 7.13198 7.7988 0.116931
46.4 9.91 34.5 8.23157 8.7546 0.116931
46.4 9.91 36.5 9.4132 9.7638 0.116931
46.4 9.91 38.5 10.6769 10.8268 0.116931
46.4 9.91 40.5 12.0226 11.9392 0.116931
46.4 9.91 42.5 13.4505 13.0861 0.116931
*******TSD4********
46.4 9.91 23.5 2.97736 4.58 0.116931
46.4 9.91 25.5 3.76004 5.2251 0.116931
46.4 9.91 27.5 4.62462 5.9273 0.116931
46.4 9.91 29.5 5.57116 6.6819 0.116931
46.4 9.91 31.5 6.59966 7.4919 0.116931
46.4 9.91 33.5 7.71015 8.3573 0.116931
46.4 9.91 35.5 8.90267 9.2778 0.116931
46.4 9.91 37.5 10.1772 10.2535 0.116931
46.4 9.91 39.5 11.5338 11.2851 0.116931
46.4 9.91 41.5 12.9724 12.3701 0.116931
******************************
              e=              -2.4215
*******TSD1********
46.3 9.91 8.5 0.0983173 0.1966 0.120263
46.3 9.91 10.5 0.278761 0.4597 0.120263
46.3 9.91 12.5 0.541354 0.7746 0.120263
46.3 9.91 14.5 0.886114 1.1609 0.120263
46.3 9.91 16.5 1.31306 1.6112 0.120263
46.3 9.91 18.5 1.8222 2.1265 0.120263
46.3 9.91 20.5 2.41355 2.7051 0.120263
46.3 9.91 22.5 3.08711 3.3441 0.120263
46.3 9.91 24.5 3.84289 4.0411 0.120263
46.3 9.91 26.5 4.68091 4.7937 0.120263
46.3 9.91 28.5 5.60117 5.5992 0.120263
46.3 9.91 30.5 6.60366 6.457 0.120263
46.3 9.91 32.5 7.6884 7.3667 0.120263
46.3 9.91 34.5 8.8554 8.3293 0.120263
46.3 9.91 36.5 10.1046 9.3458 0.120263
46.3 9.91 38.5 11.4361 10.4169 0.120263
46.3 9.91 40.5 12.8499 11.5431 0.120263
46.3 9.91 42.5 14.3459 12.7224 0.120263
46.3 9.91 44.5 15.9242 13.9491 0.120263
46.3 9.91 46.5 17.5848 15.2181 0.120263
46.3 9.91 48.5 19.3276 16.5221 0.120263
*******TSD2********
46.3 9.91 13.5 0.733827 1.3394 0.120263
46.3 9.91 15.5 1.08771 1.7467 0.120263
46.3 9.91 17.5 1.52366 2.2184 0.120263
46.3 9.91 19.5 2.04171 2.7527 0.120263
46.3 9.91 21.5 2.64189 3.3484 0.120263
46.3 9.91 23.5 3.32423 4.003 0.120263
46.3 9.91 25.5 4.08874 4.7143 0.120263
46.3 9.91 27.5 4.93543 5.4805 0.120263
46.3 9.91 29.5 5.86433 6.3004 0.120263
46.3 9.91 31.5 6.87545 7.1733 0.120263
46.3 9.91 33.5 7.9688 8.0998 0.120263
46.3 9.91 35.5 9.14438 9.08 0.120263
46.3 9.91 37.5 10.4022 10.1147 0.120263
46.3 9.91 39.5 11.7423 11.2036 0.120263
46.3 9.91 41.5 13.1646 12.3466 0.120263
46.3 9.91 43.5 14.6692 13.5441 0.120263
46.3 9.91 45.5 16.2561 14.7911 0.120263
*******TSD3********
46.3 9.91 16.5 1.28931 2.1237 0.120263
46.3 9.91 18.5 1.73426 2.6293 0.120263
46.3 9.91 20.5 2.26123 3.1973 0.120263
46.3 9.91 22.5 2.87024 3.8243 0.120263
46.3 9.91 24.5 3.56135 4.5094 0.120263
46.3 9.91 26.5 4.33458 5.2506 0.120263
46.3 9.91 28.5 5.18995 6.0465 0.120263
46.3 9.91 30.5 6.1275 6.8963 0.120263
46.3 9.91 32.5 7.14724 7.7988 0.120263
46.3 9.91 34.5 8.24919 8.7546 0.120263
46.3 9.91 36.5 9.43336 9.7638 0.120263
46.3 9.91 38.5 10.6998 10.8268 0.120263
46.3 9.91 40.5 12.0484 11.9392 0.120263
46.3 9.91 42.5 13.4793 13.0861 0.120263
*******TSD4********
46.3 9.91 23.5 2.90146 4.58 0.120263
46.3 9.91 25.5 3.68581 5.2251 0.120263
46.3 9.91 27.5 4.55226 5.9273 0.120263
46.3 9.91 29.5 5.50083 6.6819 0.120263
46.3 9.91 31.5 6.53154 7.4919 0.120263
46.3 9.91 33.5 7.64443 8.3573 0.120263
46.3 9.91 35.5 8.83951 9.2778 0.120263
46.3 9.91 37.5 10.1168 10.2535 0.120263
46.3 9.91 39.5 11.4763 11.2851 0.120263
46.3 9.91 41.5 12.918 12.3701 0.120263
