15473.9
15246.9
15166.9
15126
15101.2
15084.6
15072.6
15063.6
15056.6
15051
15046.4
15042.5
15039.3
15036.5
15034.1
15031.9
15030.1
15028.4
15026.9
15025.6
15024.3
15023.2
15022.2
15021.3
15020.4
15019.7
15018.9
15018.2
15017.6
15017
15016.5
15016
15015.5
15015
15014.6
15014.2
15013.8
15013.4
15013.1
15012.8
15012.4
15012.1
15011.9
15011.6
15011.3
15011.1
15010.8
15010.6
15010.4
15010.2
15010
15009.8
15009.6
15009.4
15009.3
15009.1
15008.9
15008.8
15008.6
15008.5
15008.3
15008.2
15008.1
15007.9
15007.8
15007.7
15007.6
15007.5
15007.4
15007.2
15007.1
15007
15006.9
15006.9
15006.8
15006.7
15006.6
15006.5
15006.4
15006.3
15006.3
15006.2
15006.1
15006
15006
15005.9
15005.8
15005.7
15005.7
15005.6
15005.6
15005.5
15005.4
15005.4
15005.3
15005.3
15005.2
15005.1
15005.1
15005
15005
15004.9
15004.9
15004.8
15004.8
15004.8
15004.7
15004.7
15004.6
15004.6
15004.5
15004.5
15004.5
15004.4
15004.4
15004.3
15004.3
15004.3
15004.2
15004.2
15004.1
15004.1
15004.1
15004
15004
15004
15003.9
15003.9
15003.9
15003.9
15003.8
15003.8
15003.8
15003.7
15003.7
15003.7
15003.7
15003.6
15003.6
15003.6
15003.5
15003.5
15003.5
15003.5
15003.4
15003.4
15003.4
15003.4
15003.3
15003.3
15003.3
15003.3
15003.3
15003.2
15003.2
15003.2
15003.2
15003.2
15003.1
15003.1
15003.1
15003.1
15003.1
15003
15003
15003
15003
15003
15002.9
15002.9
15002.9
15002.9
15002.9
15002.9
15002.8
15002.8
15002.8
15002.8
15002.8
15002.8
15002.7
15002.7
15002.7
15002.7
15002.7
15002.7
15002.6
15002.6
15002.6
15002.6
15002.6
15002.6
15002.6
15002.5
15002.5
15002.5
15002.5
15002.5
15002.5
15002.5
